"timestamps","value","anomaly","changepoint","trend","noise","seasonality1","seasonality2","seasonality3"
1416722400,6.4700608080853,0,0,0,6.4700608080853,0,0,0
1416726000,80.9722925601571,0,0,0,-11.0778531662187,67.6,22.2066740697963,2.24347165657954
1416729600,159.01467966636,0,0,0,-5.45576054048155,117.086634591656,42.9,4.48380561518545
1416733200,214.721802768507,0,0,0,12.1341723765031,135.2,60.6697618258058,6.71786856619847
1416736800,201.695834172802,0,0,0,1.36168396587065,117.086634591656,74.3049796447048,8.94253597057047
1416740400,172.005842717316,0,0,0,10.374710391939,67.6,82.8764358956021,11.1546964297749
1416744000,101.677506891803,0,0,0,2.52625085442413,1.65572247244722e-14,85.8,13.3512560373789
1416747600,43.0357869793833,0,0,0,12.2302083776299,-67.6,82.8764358956021,15.5291427061512
1416751200,-54.8486350516955,0,0,0,-29.7522905693985,-117.086634591656,74.3049796447049,17.6853104646543
1416754800,-57.0920756806574,0,0,0,-2.37858122377315,-135.2,60.6697618258058,19.81674371731
1416758400,-26.2906440125878,0,0,0,25.9755291170846,-117.086634591656,42.9,21.9204614619837
1416762000,-32.9914935868213,0,0,0,-11.591689115802,-67.6000000000001,22.2066740697963,23.9935214591845
1416765600,28.6895452976296,0,0,0,2.6565209505761,-3.31144494489444e-14,1.05074695366843e-14,26.0330243470535
1416769200,66.5403535174278,0,0,0,-6.88909010915962,67.6,-22.2066740697963,28.0361176963837
1416772800,115.492182997752,0,0,0,11.3055484060957,117.086634591656,-42.9,30
1416776400,111.960748018234,0,0,0,5.50858525311903,135.2,-60.6697618258058,31.9219245909202
1416780000,92.4433253687998,0,0,0,15.8624669380311,117.086634591656,-74.3049796447048,33.7992034838173
1416783600,12.9714665569454,0,0,0,-7.38130868186258,67.6,-82.8764358956021,35.6292111344101
1416787200,-49.3656036781631,0,0,0,-0.974991789687096,4.96716741734166e-14,-85.8,37.409388111524
1416790800,-98.1707372434913,0,0,0,13.1684539754234,-67.5999999999999,-82.8764358956021,39.1372446766873
1416794400,-159.826285413153,0,0,0,-9.24503544304725,-117.086634591656,-74.3049796447048,40.8103642662552
1416798000,-139.615190174277,0,0,0,13.8281647803355,-135.2,-60.6697618258058,42.4264068711928
1416801600,-106.781308250311,0,0,0,9.22221403155522,-117.086634591656,-42.9,43.9831123097896
1416805200,-37.1347415139344,0,0,0,7.193629167135,-67.6000000000002,-22.2066740697963,45.4783033887272
1416808800,38.0827081205994,0,0,0,-8.82718082748229,-6.62288988978889e-14,-2.10149390733686e-14,46.9098889480818
1416812400,137.355808504524,0,0,0,-0.726732351272657,67.6000000000001,22.2066740697963,48.2758667860001
1416816000,213.594152944198,0,0,0,4.03319189358216,117.086634591656,42.9,49.5743264589597
1416819600,235.325275590621,0,0,0,-11.3479381888815,135.2,60.6697618258058,50.803451953697
1416823200,243.40858611661,0,0,0,0.0554476531824599,117.086634591656,74.3049796447048,51.9615242270663
1416826800,208.688109055825,0,0,0,5.16474954994617,67.6,82.8764358956021,53.0469236102766
1416830400,145.767787050386,0,0,0,5.90965497624064,3.22949568309275e-13,85.8,54.0581320741451
1416834000,55.4188880909329,0,0,0,-14.8512831568679,-67.5999999999999,82.8764358956021,54.9937353521986
1416837600,6.09468721368534,0,0,0,-6.97608275801581,-117.086634591656,74.3049796447049,55.8524249186523
1416841200,-16.9551295514022,0,0,0,0.942108804290038,-135.2,60.6697618258058,56.6329998185021
1416844800,-22.2530542708164,0,0,0,-5.40078802632877,-117.086634591656,42.9,57.3343683471684
1416848400,19.2232259367038,0,0,0,6.6610022895634,-67.6,22.2066740697963,57.9555495773441
1416852000,73.1699898755004,0,0,0,14.674315144591,-9.93433483468333e-14,3.15224086100529e-14,58.4956747309094
1416855600,77.2717382090392,0,0,0,-27.0755761151617,67.5999999999998,-22.2066740697962,58.9539883939973
1416859200,149.509334918157,0,0,0,15.992850752993,117.086634591656,-42.8999999999999,59.3298495735077
1416862800,129.925764135311,0,0,0,-4.2272066324775,135.2,-60.6697618258057,59.6227325935946
1416866400,109.083525255395,0,0,0,6.46964247757257,117.086634591656,-74.3049796447049,59.8322278308708
1416870000,51.8042966647089,0,0,0,7.12269027300655,67.6000000000005,-82.876435895602,59.9580422873039
1416873600,-20.3121986193693,0,0,0,5.48780138063056,1.15900573071306e-13,-85.8,60
1416877200,-87.2002182186615,0,0,0,3.31817538963645,-67.5999999999998,-82.8764358956021,59.9580422873039
1416880800,-149.059269862304,0,0,0,-17.4998834568136,-117.086634591656,-74.3049796447049,59.8322278308708
1416884400,-132.384624439415,0,0,0,3.8624047927962,-135.2,-60.6697618258058,59.6227325935946
1416888000,-108.629484621292,0,0,0,-7.97269960314309,-117.086634591656,-42.9000000000001,59.3298495735077
1416891600,-37.5249576180814,0,0,0,-6.67227194228233,-67.6000000000001,-22.2066740697963,58.9539883939973
1416895200,66.9365499769757,0,0,0,8.4408752460665,-1.32457797795778e-13,-4.20298781467372e-14,58.4956747309094
1416898800,146.298740687463,0,0,0,-1.46348295967676,67.5999999999998,22.2066740697962,57.9555495773441
1416902400,219.133791566022,0,0,0,1.81278862719733,117.086634591656,42.9000000000001,57.3343683471684
1416906000,238.329149021313,0,0,0,-14.1736126229951,135.2,60.6697618258057,56.6329998185021
1416909600,243.279942913227,0,0,0,-3.96409624178589,117.086634591656,74.3049796447049,55.8524249186523
1416913200,195.3369192044,0,0,0,-10.133252043401,67.6000000000001,82.8764358956021,54.9937353521986
1416916800,141.519766699743,0,0,0,1.66163462559773,1.4901502252025e-13,85.8,54.0581320741451
1416920400,71.9131435582779,0,0,0,3.58978405239946,-67.6000000000002,82.8764358956021,53.0469236102766
1416924000,9.84940329459817,0,0,0,0.669534014482909,-117.086634591656,74.3049796447049,51.9615242270663
1416927600,-22.0828717432069,0,0,0,1.64391447729016,-135.2,60.6697618258059,50.8034519536971
1416931200,-17.0172231393981,0,0,0,7.59508499329832,-117.086634591656,42.9,49.5743264589597
1416934800,14.0614187773092,0,0,0,11.1788779215128,-67.6000000000001,22.2066740697963,48.2758667860001
1416938400,50.9512630143021,0,0,0,4.04137406622077,-6.4589913661855e-13,2.04948764503963e-13,46.9098889480818
1416942000,85.0958416258299,0,0,0,-5.77578769310082,67.5999999999998,-22.2066740697962,45.4783033887272
1416945600,101.690318373697,0,0,0,-16.4794285277488,117.086634591656,-42.8999999999999,43.9831123097896
1416949200,122.705326877377,0,0,0,5.74868183199019,135.2,-60.6697618258058,42.4264068711929
1416952800,73.7822679302241,0,0,0,-9.80975128298263,117.086634591656,-74.3049796447048,40.8103642662552
1416956400,17.3115756640195,0,0,0,-6.54923311706586,67.6000000000001,-82.8764358956021,39.1372446766873
1416960000,-60.9549403123096,0,0,0,-12.5643284238333,-2.98197417404633e-13,-85.8,37.409388111524
1416963600,-123.438622471455,0,0,0,-8.59139771026328,-67.5999999999998,-82.8764358956021,35.6292111344101
1416967200,-162.424054456086,0,0,0,-4.83164370354267,-117.086634591656,-74.3049796447048,33.7992034838173
1416970800,-182.531475658866,0,0,0,-18.5836384239803,-135.2,-60.6697618258059,31.9219245909202
1416974400,-131.827943644924,0,0,0,-1.84130905326826,-117.086634591656,-42.9,30
1416978000,-48.0500687315942,0,0,0,13.7204876418179,-67.5999999999997,-22.2066740697962,28.0361176963837
1416981600,24.9936015050659,0,0,0,-1.03942284198731,-1.98686696693667e-13,-6.30448172201057e-14,26.0330243470535
1416985200,119.474515033621,0,0,0,5.67431950464105,67.5999999999994,22.2066740697961,23.9935214591845
1416988800,209.169154203322,0,0,0,27.2620581496829,117.086634591656,42.8999999999999,21.9204614619837
1416992400,197.33263216061,0,0,0,-18.3538733825057,135.2,60.6697618258058,19.81674371731
1416996000,221.521921477805,0,0,0,12.4449967767899,117.086634591656,74.3049796447048,17.6853104646543
1416999600,141.56322930827,0,0,0,-24.4423492934831,67.6000000000001,82.8764358956021,15.5291427061513
1417003200,104.856201094689,0,0,0,5.70494505730948,6.95570810791967e-13,85.8,13.3512560373789
1417006800,26.5285685034882,0,0,0,0.0974361781109999,-67.5999999999998,82.8764358956021,11.1546964297749
1417010400,-26.6651914184983,0,0,0,7.17392755788253,-117.086634591656,74.3049796447048,8.94253597057048
1417014000,-47.8103070268177,0,0,0,20.0020625811779,-135.2,60.6697618258059,6.71786856619848
1417017600,-70.444658447726,0,0,0,-0.741829471255152,-117.086634591657,42.9000000000003,4.48380561518548
1417021200,-43.6761546389335,0,0,0,-0.526300365309454,-67.5999999999997,22.2066740697962,2.24347165657953
1417024800,1.3304130283114,0,0,0,1.33041302831155,-2.31801146142611e-13,7.355228675679e-14,7.34788079488412e-15
1417028400,26.4902678365467,0,0,0,-16.6595864370776,67.6000000000002,-22.2066740697963,-2.24347165657954
1417032000,52.5173465295699,0,0,0,-17.1854824469007,117.086634591656,-42.8999999999999,-4.48380561518544
1417035600,66.0865972951118,0,0,0,-1.72577231288421,135.2,-60.6697618258056,-6.71786856619846
1417039200,41.5809853843516,0,0,0,7.7418664079704,117.086634591656,-74.3049796447048,-8.94253597057044
1417042800,-20.8978180194423,0,0,0,5.53331430593447,67.6000000000002,-82.8764358956021,-11.1546964297749
1417046400,-90.9475635287884,0,0,0,8.2036925085907,-2.31968518506745e-13,-85.8,-13.3512560373789
1417050000,-159.201786043414,0,0,0,6.80379255833868,-67.5999999999997,-82.8764358956021,-15.5291427061512
1417053600,-196.716047470602,0,0,0,12.3608772304126,-117.086634591656,-74.304979644705,-17.6853104646542
1417057200,-217.438284470647,0,0,0,-1.75177892753107,-135.2,-60.6697618258059,-19.81674371731
1417060800,-174.966285768814,0,0,0,6.94081028482607,-117.086634591656,-42.9,-21.9204614619837
1417064400,-97.6290556328245,0,0,0,16.1711398961559,-67.5999999999998,-22.2066740697962,-23.9935214591845
1417068000,-24.8765023782715,0,0,0,1.15652196878233,-2.64915595591555e-13,-8.40597562934743e-14,-26.0330243470535
1417071600,62.903443847074,0,0,0,1.13288747366235,67.5999999999993,22.206674069796,-28.0361176963837
1417075200,142.385101044377,0,0,0,12.3984664527216,117.086634591656,42.8999999999999,-30
1417078800,158.048199300135,0,0,0,-5.89963793475039,135.2,60.6697618258058,-31.9219245909202
1417082400,146.687881798286,0,0,0,-10.9045289542578,117.086634591656,74.3049796447049,-33.7992034838173
1417086000,104.808437722709,0,0,0,-10.0387870384833,67.6000000000002,82.8764358956021,-35.6292111344101
1417089600,64.5655173890554,0,0,0,16.1749055005786,7.61799709689855e-13,85.8,-37.409388111524
1417093200,-47.9277904723633,0,0,0,-24.0669816912784,-67.5999999999997,82.8764358956021,-39.1372446766873
1417096800,-63.05263823755,0,0,0,20.5393809756565,-117.086634591656,74.3049796447048,-40.8103642662552
1417100400,-114.656699477569,0,0,0,2.29994556781862,-135.2,60.6697618258057,-42.4264068711928
1417104000,-114.769084339882,0,0,0,3.40066256156403,-117.086634591656,42.9,-43.9831123097896
1417107600,-85.7192078304789,0,0,0,5.15242148845244,-67.6000000000006,22.2066740697965,-45.4783033887272
1417111200,-54.4852880034092,0,0,0,-7.57539905532721,-2.980300450405e-13,9.45672258301586e-14,-46.9098889480818
1417114800,2.11297729235795,0,0,0,4.99551814815479,67.5999999999993,-22.206674069796,-48.2758667860001
1417118400,21.9035157047066,0,0,0,-2.70879242798988,117.086634591656,-42.9000000000001,-49.5743264589597
1417122000,22.3908192777707,0,0,0,-1.33596694272647,135.2,-60.6697618258058,-50.803451953697
1417125600,-8.65133556982627,0,0,0,0.528533710288342,117.086634591656,-74.3049796447047,-51.9615242270663
1417129200,-71.5705336713845,0,0,0,-3.24717416550608,67.6000000000002,-82.8764358956021,-53.0469236102766
1417132800,-125.332097162623,0,0,0,14.5260349115213,7.949141591388e-13,-85.8,-54.0581320741451
1417136400,-204.943626911055,0,0,0,0.526544336745933,-67.6000000000005,-82.876435895602,-54.9937353521986
1417140000,-236.876915008587,0,0,0,10.3671241464265,-117.086634591656,-74.3049796447048,-55.8524249186523
1417143600,-242.840929505059,0,0,0,9.66183213924895,-135.2,-60.6697618258059,-56.6329998185021
1417147200,-218.197645617517,0,0,0,-0.876642678692115,-117.086634591656,-42.9000000000001,-57.3343683471684
1417150800,-153.447675897443,0,0,0,-5.68545225030193,-67.6000000000006,-22.2066740697965,-57.9555495773441
1417154400,-49.1008354524128,0,0,0,9.39483927849835,-1.2917982732371e-12,-4.09897529007926e-13,-58.4956747309094
1417158000,50.5799676408381,0,0,0,19.727281965039,67.6000000000001,22.2066740697963,-58.9539883939973
1417161600,101.191047865401,0,0,0,0.534262847253401,117.086634591656,42.8999999999999,-59.3298495735077
1417165200,123.581696885874,0,0,0,-12.6653323463374,135.2,60.6697618258056,-59.6227325935946
1417168800,138.169556824726,0,0,0,6.61017041923585,117.086634591656,74.3049796447047,-59.8322278308708
1417172400,121.555976594868,0,0,0,31.0375829865693,67.6000000000002,82.876435895602,-59.9580422873039
1417176000,28.0993927038768,0,0,0,2.29939270387695,-1.32625170159911e-13,85.8,-60
1417179600,-25.0406367317252,0,0,0,19.6409696599772,-67.6000000000005,82.876435895602,-59.9580422873039
1417183200,-118.563127478102,0,0,0,-15.949244700281,-117.086634591656,74.304979644705,-59.8322278308708
1417186800,-120.994076683109,0,0,0,13.1588940846796,-135.2,60.6697618258059,-59.6227325935946
1417190400,-125.020015967499,0,0,0,8.49646819766479,-117.086634591656,42.9000000000001,-59.3298495735077
1417194000,-94.8526868467726,0,0,0,9.49462747742828,-67.5999999999998,22.2066740697962,-58.9539883939973
1417197600,-64.3588367747876,0,0,0,-5.86316204387857,5.96394834809267e-13,-1.89240668737556e-13,-58.4956747309094
1417201200,-23.6592142557848,0,0,0,-11.0969906086439,67.5999999999992,-22.206674069796,-57.9555495773441
1417204800,22.3781150337175,0,0,0,5.52584878922992,117.086634591656,-42.8999999999999,-57.3343683471684
1417208400,14.0717231467936,0,0,0,-3.82551520889864,135.2,-60.6697618258058,-56.6329998185021
1417212000,-34.1216159269696,0,0,0,-21.0508459552684,117.086634591656,-74.3049796447049,-55.8524249186522
1417215600,-68.4748366604555,0,0,0,1.79533458734577,67.5999999999994,-82.8764358956021,-54.9937353521986
1417219200,-139.259935730839,0,0,0,0.598196343305077,8.61143058036689e-13,-85.8,-54.0581320741452
1417222800,-219.188968893102,0,0,0,-15.6656093872234,-67.5999999999996,-82.8764358956021,-53.0469236102766
1417226400,-242.831433780741,0,0,0,0.52170468268613,-117.086634591656,-74.3049796447049,-51.9615242270663
1417230000,-251.142981662733,0,0,0,-4.46976788322937,-135.2,-60.6697618258061,-50.8034519536971
1417233600,-192.643878560258,0,0,0,16.9170824903575,-117.086634591656,-42.8999999999998,-49.5743264589597
1417237200,-147.241009747029,0,0,0,-9.15846889123151,-67.6000000000007,-22.2066740697965,-48.2758667860001
1417240800,-42.5446455371754,0,0,0,4.36524341090691,-3.97373393387333e-13,-1.26089634440211e-13,-46.9098889480818
1417244400,48.0415846434746,0,0,0,3.71321396240552,67.6,22.2066740697963,-45.4783033887272
1417248000,122.525093413293,0,0,0,6.5215711314281,117.086634591655,42.8999999999996,-43.9831123097896
1417251600,139.322329108751,0,0,0,-14.1210258458617,135.2,60.669761825806,-42.4264068711929
1417255200,142.646379954155,0,0,0,-7.93487001595116,117.086634591656,74.3049796447047,-40.8103642662551
1417258800,-182.426925731554,1,0,0,-0.583978047029715,67.6000000000003,82.876435895602,-39.1372446766873
1417262400,36.3939025755259,0,0,0,-11.99670931295,-6.63962712620224e-14,85.8,-37.409388111524
1417266000,-27.1276019225205,0,0,0,-6.77482668371378,-67.5999999999987,82.8764358956022,-35.6292111344101
1417269600,-58.4738122939929,0,0,0,18.1070461367751,-117.086634591656,74.304979644705,-33.7992034838174
1417273200,-131.21902848632,0,0,0,-24.7668657212055,-135.2,60.6697618258059,-31.9219245909202
1417276800,-108.063146318556,0,0,0,-3.87651172690001,-117.086634591656,42.9000000000001,-30
1417280400,-95.1914203657646,0,0,0,-21.7619767391772,-67.5999999999999,22.2066740697962,-28.0361176963837
1417284000,-17.889178141137,0,0,0,8.14384620591749,-1.39114162158393e-12,4.41419937617979e-13,-26.0330243470535
1417287600,14.8082198156277,0,0,0,-6.59158465539097,67.5999999999991,-22.206674069796,-23.9935214591845
1417291200,50.5777949783012,0,0,0,-1.6883781513711,117.086634591656,-42.8999999999998,-21.9204614619837
1417294800,56.2490024880555,0,0,0,1.53550803117129,135.2,-60.6697618258057,-19.81674371731
1417298400,23.7849561744144,0,0,0,-1.31138830788247,117.086634591656,-74.3049796447049,-17.6853104646543
1417302000,-48.8543064497445,0,0,0,-18.0487278479924,67.6000000000012,-82.876435895602,-15.5291427061512
1417305600,-114.097115622282,0,0,0,-14.945859584904,9.27371956934578e-13,-85.8,-13.3512560373789
1417309200,-149.875600973921,0,0,0,11.7555313514553,-67.5999999999996,-82.8764358956021,-11.1546964297749
1417312800,-201.769675630603,0,0,0,-1.43552542367244,-117.086634591655,-74.3049796447052,-8.94253597057052
1417316400,-210.647764226797,0,0,0,-8.06013383479194,-135.2,-60.6697618258062,-6.71786856619854
1417320000,-165.792408203425,0,0,0,-1.32196799658397,-117.086634591656,-42.8999999999998,-4.48380561518543
1417323600,-95.871265481622,0,0,0,-3.82111975524741,-67.5999999999991,-22.206674069796,-2.24347165657953
1417327200,6.1090127753607,0,0,0,6.10901277536133,-4.63602292285222e-13,-1.4710457351358e-13,-1.46957615897682e-14
1417330800,109.407866824883,0,0,0,17.3577210985073,67.6,22.2066740697963,2.24347165657956
1417334400,148.782494810517,0,0,0,-15.6879453963249,117.086634591656,42.9000000000001,4.48380561518546
1417338000,199.877292567812,0,0,0,-2.71033782419221,135.2,60.6697618258055,6.71786856619846
1417341600,186.919750847133,0,0,0,-13.4143993597982,117.086634591657,74.3049796447047,8.94253597057043
1417345200,156.197300038874,0,0,0,-5.4338322865036,67.6000000000003,82.876435895602,11.1546964297748
1417348800,88.0925649893903,0,0,0,-11.0586910479905,1.92114018513118e-12,85.8,13.3512560373788
1417352400,38.0725205775157,0,0,0,7.26694197576098,-67.5999999999987,82.8764358956022,15.5291427061512
1417356000,-7.21830935970745,0,0,0,17.8780351225889,-117.086634591656,74.304979644705,17.6853104646542
1417359600,-43.6222322312129,0,0,0,11.0912622256715,-135.2,60.6697618258055,19.8167437173101
1417363200,-58.3727048650928,0,0,0,-6.10653173542035,-117.086634591656,42.9000000000001,21.9204614619837
1417366800,-39.6609038538458,0,0,0,-18.2610993828266,-67.6,22.2066740697963,23.9935214591845
1417370400,17.8165132454158,0,0,0,-8.21651110163795,4.63937037013489e-13,-1.47210790590819e-13,26.0330243470535
1417374000,72.8504514460045,0,0,0,-0.578992180582359,67.5999999999991,-22.206674069796,28.0361176963837
1417377600,97.378844805517,0,0,0,-6.80778978613895,117.086634591656,-42.8999999999998,30
1417381200,103.634843105624,0,0,0,-2.81731965949013,135.2,-60.6697618258057,31.9219245909202
1417384800,81.5390436484806,0,0,0,4.95818521771086,117.086634591657,-74.3049796447046,33.7992034838173
1417388400,21.6421755519445,0,0,0,1.28940031313518,67.6000000000012,-82.876435895602,35.6292111344101
1417392000,-62.3973812826984,0,0,0,-14.0067693942233,9.93600855832466e-13,-85.8,37.409388111524
1417395600,-107.543512196616,0,0,0,3.79567902229987,-67.6000000000012,-82.876435895602,39.1372446766873
1417399200,-135.478471468523,0,0,0,15.1027785015824,-117.086634591656,-74.3049796447049,40.8103642662552
1417402800,-162.699267783302,0,0,0,-9.25591282868924,-135.2,-60.6697618258057,42.4264068711928
1417406400,-100.855453199184,0,0,0,15.1480690826824,-117.086634591656,-42.8999999999998,43.9831123097896
1417410000,-44.4081487008539,0,0,0,-0.0797780197837171,-67.6000000000008,-22.2066740697966,45.4783033887272
1417413600,46.1642008500236,0,0,0,-0.74568809805747,-5.29831191183111e-13,-1.68119512586949e-13,46.9098889480818
1417417200,117.952184379586,0,0,0,-20.1303564762099,67.5999999999999,22.2066740697962,48.2758667860001
1417420800,207.081176791323,0,0,0,-2.47978425929192,117.086634591655,42.8999999999996,49.5743264589597
1417424400,256.110077485807,0,0,0,9.43686370630418,135.2,60.6697618258055,50.803451953697
1417428000,244.283708069183,0,0,0,0.930569605755713,117.086634591657,74.3049796447047,51.9615242270663
1417431600,211.501394918994,0,0,0,7.97803541311348,67.6000000000021,82.8764358956019,53.0469236102766
1417435200,152.406564572969,0,0,0,12.5484324988239,6.60615265337554e-14,85.8,54.0581320741452
1417438800,62.4383420736651,0,0,0,-7.83182917413523,-67.6000000000003,82.876435895602,54.9937353521986
1417442400,2.00544021026771,0,0,0,-11.0653297614328,-117.086634591656,74.3049796447047,55.8524249186523
1417446000,-12.7651785665839,0,0,0,5.13205978910806,-135.2,60.669761825806,56.6329998185021
1417449600,-19.6747966968758,0,0,0,-2.82253045238799,-117.086634591656,42.9000000000001,57.3343683471684
1417453200,1.82041653258244,0,0,0,-10.7418071145579,-67.6,22.2066740697963,57.9555495773441
1417456800,53.4871903187112,0,0,0,-5.00848441219718,-1.52359941937971e-12,4.83449815764716e-13,58.4956747309094
1417460400,103.867159685853,0,0,0,-0.480154638347368,67.599999999999,-22.2066740697959,58.9539883939973
1417464000,123.831244254721,0,0,0,-9.68523991044314,117.086634591656,-42.8999999999998,59.3298495735077
1417467600,142.251343973701,0,0,0,8.09837320591147,135.2,-60.6697618258053,59.6227325935945
1417471200,88.7543214367283,0,0,0,-13.8595613410937,117.086634591656,-74.3049796447049,59.8322278308708
1417474800,31.5820400881844,0,0,0,-13.099566303517,67.5999999999996,-82.8764358956021,59.9580422873039
1417478400,-32.3844095358809,0,0,0,-6.58440953588002,-8.61477802764956e-13,-85.8,60
1417482000,-95.2465183711284,0,0,0,-4.72812476283079,-67.5999999999994,-82.8764358956021,59.9580422873039
1417485600,-147.869174159141,0,0,0,-16.309787753651,-117.086634591656,-74.3049796447049,59.8322278308708
1417489200,-129.833851137079,0,0,0,6.41317809513226,-135.2,-60.6697618258058,59.6227325935946
1417492800,-120.465551401263,0,0,0,-19.8087663831133,-117.086634591657,-42.9000000000004,59.3298495735077
1417496400,-17.2553250623854,0,0,0,13.5973606134147,-67.6000000000009,-22.2066740697966,58.9539883939973
1417500000,51.2732757782788,0,0,0,-7.22239895262986,-5.96060090081e-13,-1.89134451660317e-13,58.4956747309094
1417503600,152.635817181533,0,0,0,4.87359353439509,67.5999999999982,22.2066740697956,57.9555495773441
1417507200,229.495067726985,0,0,0,12.1740647881616,117.086634591655,42.8999999999995,57.3343683471685
1417510800,256.756223003868,0,0,0,4.25346135955974,135.2,60.6697618258059,56.632999818502
1417514400,271.130557236782,0,0,0,23.8865180817692,117.086634591656,74.304979644705,55.8524249186522
1417518000,202.025104506311,0,0,0,-3.44506674149034,67.6000000000005,82.876435895602,54.9937353521986
1417521600,143.672584357203,0,0,0,3.81445228305724,1.32290425431644e-13,85.8,54.0581320741452
1417525200,80.8938652764545,0,0,0,12.5705057705761,-67.6000000000002,82.876435895602,53.0469236102766
1417528800,5.62484430616503,0,0,0,-3.55502497395087,-117.086634591655,74.304979644705,51.9615242270663
1417532400,-25.8955698919742,0,0,0,-2.16878367147726,-135.2,60.669761825806,50.8034519536971
1417536000,-40.8865608224099,0,0,0,-16.2742526897133,-117.086634591656,42.9000000000001,49.5743264589597
1417539600,16.0991010869732,0,0,0,13.2165602311779,-67.6000000000017,22.2066740697969,48.2758667860001
1417543200,45.3595541340433,0,0,0,-1.55033481403737,-1.5898283182776e-12,5.04464754838085e-13,46.9098889480818
1417546800,58.6929565729916,0,0,0,-32.1786727459387,67.599999999999,-22.2066740697959,45.4783033887272
1417550400,130.23218971016,0,0,0,12.0624428087145,117.086634591657,-42.9000000000003,43.9831123097895
1417554000,127.261366231808,0,0,0,10.3047211864212,135.2,-60.6697618258057,42.4264068711928
1417557600,89.8196472386857,0,0,0,6.22762802547933,117.086634591656,-74.3049796447048,40.8103642662552
1417561200,14.1156493364786,0,0,0,-9.74515944460622,67.5999999999997,-82.8764358956021,39.1372446766873
1417564800,-25.6296154696089,0,0,0,22.760996418866,1.12605865362824e-12,-85.8,37.409388111524
1417568400,-130.919643796023,0,0,0,-16.0724190348311,-67.5999999999994,-82.8764358956021,35.6292111344101
1417572000,-140.219712847802,0,0,0,17.3726979047419,-117.086634591656,-74.3049796447049,33.7992034838174
1417575600,-157.12078346877,0,0,0,6.82705376611579,-135.2,-60.6697618258062,31.9219245909203
1417579200,-118.03164278539,0,0,0,11.9549918062672,-117.086634591657,-42.9000000000004,30.0000000000001
1417582800,-61.0983468554568,0,0,0,0.672209517957032,-67.6000000000009,-22.2066740697966,28.0361176963837
1417586400,35.843989080336,0,0,0,9.81096473328588,-2.5835965464742e-12,-8.19795058015852e-13,26.0330243470535
1417590000,120.366539723125,0,0,0,6.56634419414471,67.5999999999998,22.2066740697962,23.9935214591845
1417593600,180.510812177777,0,0,0,-1.39628387586331,117.086634591656,42.9,21.9204614619837
1417597200,227.192672392198,0,0,0,11.5061668490822,135.2,60.6697618258059,19.81674371731
1417600800,191.712926077689,0,0,0,-17.3639986233265,117.086634591657,74.3049796447047,17.6853104646542
1417604400,171.673940898476,0,0,0,5.66836229672225,67.6000000000005,82.876435895602,15.5291427061513
1417608000,102.54632204829,0,0,0,3.39506601090928,2.11982688182484e-12,85.8,13.3512560373789
1417611600,40.5187831183607,0,0,0,14.0876507929839,-67.6000000000002,82.8764358956021,11.1546964297749
1417615200,-41.8549172636596,0,0,0,-8.01579828727976,-117.086634591655,74.3049796447051,8.94253597057052
1417618800,-58.9849113477709,0,0,0,8.82745826022412,-135.2,60.6697618258064,6.71786856619855
1417622400,-79.7584748486611,0,0,0,-10.0556458721904,-117.086634591656,42.9000000000001,4.48380561518555
1417626000,-23.1967427906381,0,0,0,19.9531114829851,-67.5999999999985,22.2066740697957,2.24347165657954
1417629600,13.4541100524001,0,0,0,13.4541100523999,2.65250340319822e-13,-8.41659733707129e-14,2.20436423846524e-14
1417633200,39.2080735819243,0,0,0,-3.94178069169918,67.5999999999989,-22.2066740697959,-2.2434716565795
1417636800,74.8680120671651,0,0,0,5.16518309069421,117.086634591657,-42.9000000000003,-4.4838056151854
1417640400,67.4425598529892,0,0,0,-0.36980975500658,135.2,-60.6697618258057,-6.7178685661985
1417644000,18.691489468605,0,0,0,-15.1476295077772,117.086634591657,-74.3049796447045,-8.94253597057048
1417647600,-24.0605512995754,0,0,0,2.37058102580189,67.5999999999997,-82.8764358956021,-11.1546964297749
1417651200,-100.600401758369,0,0,0,-1.44914572099104,1.19228755252613e-12,-85.8,-13.3512560373788
1417654800,-171.304145386265,0,0,0,-5.29856678451431,-67.5999999999977,-82.8764358956023,-15.5291427061512
1417658400,-215.089754446027,0,0,0,-6.01282974501214,-117.086634591656,-74.3049796447049,-17.6853104646542
1417662000,-188.863567343054,0,0,0,26.8229382000617,-135.2,-60.6697618258062,-19.81674371731
1417665600,-169.438940775132,0,0,0,12.4681552785074,-117.086634591656,-42.8999999999999,-21.9204614619837
1417669200,-120.777831618666,0,0,0,-6.97763608968344,-67.600000000001,-22.2066740697966,-23.9935214591844
1417672800,-32.9889280370083,0,0,0,-6.95590368995636,1.19278966961853e-12,3.78481337475112e-13,-26.0330243470535
1417676400,53.4008604336954,0,0,0,-8.36969593971684,67.5999999999997,22.2066740697962,-28.0361176963837
1417680000,134.435035333862,0,0,0,4.44840074220719,117.086634591655,42.8999999999995,-30
1417683600,162.510459980009,0,0,0,-1.43737725487697,135.2,60.6697618258059,-31.9219245909201
1417687200,150.131026667182,0,0,0,-7.46138408536204,117.086634591657,74.3049796447047,-33.7992034838173
1417690800,109.061935325877,0,0,0,-5.78528943531743,67.6000000000022,82.8764358956019,-35.6292111344101
1417694400,41.9543405354717,0,0,0,-6.43627135300461,2.64748223227422e-13,85.8,-37.409388111524
1417698000,-18.5565194404375,0,0,0,5.304289340646,-67.5999999999985,82.8764358956022,-39.1372446766872
1417701600,-84.3766302312791,0,0,0,-0.784611018072252,-117.086634591656,74.3049796447048,-40.8103642662552
1417705200,-124.831491214496,0,0,0,-7.87484616910958,-135.2,60.669761825806,-42.4264068711929
1417708800,-118.865393545003,0,0,0,-0.695646643557256,-117.086634591655,42.8999999999996,-43.9831123097896
1417712400,-87.3046064908113,0,0,0,3.56702282811972,-67.6000000000002,22.2066740697963,-45.4783033887272
1417716000,-46.5880622318681,0,0,0,0.321826716214799,-1.72228611607338e-12,5.46494632984822e-13,-46.9098889480818
1417719600,-11.2390253918753,0,0,0,-8.3564845360793,67.6000000000005,-22.2066740697965,-48.2758667860001
1417723200,32.859286569307,0,0,0,8.24697843661075,117.086634591656,-42.8999999999997,-49.5743264589597
1417726800,26.9817061792476,0,0,0,3.2549199587498,135.2,-60.6697618258052,-50.803451953697
1417730400,7.18963084823605,0,0,0,16.369500128351,117.086634591656,-74.3049796447048,-51.9615242270663
1417734000,-70.9693118403546,0,0,0,-2.64595233447754,67.6000000000014,-82.8764358956019,-53.0469236102766
1417737600,-137.995183375295,0,0,0,1.86294869884732,3.17982400891933e-12,-85.8,-54.0581320741451
1417741200,-199.480062103453,0,0,0,5.99010914434653,-67.5999999999993,-82.8764358956021,-54.9937353521986
1417744800,-241.398668307987,0,0,0,5.8453708470263,-117.086634591657,-74.3049796447046,-55.8524249186523
1417748400,-235.429099876022,0,0,0,17.0736617682859,-135.2,-60.6697618258058,-56.6329998185021
1417752000,-205.654054178673,0,0,0,11.6669487601523,-117.086634591657,-42.9000000000004,-57.3343683471684
1417755600,-152.178061089682,0,0,0,-4.41583744254203,-67.5999999999994,-22.2066740697961,-57.9555495773441
1417759200,-54.9568990173464,0,0,0,3.53877571356403,-7.94746786774666e-13,-2.52179268880423e-13,-58.4956747309094
1417762800,32.2249895534336,0,0,0,1.37230387763737,67.599999999998,22.2066740697956,-58.9539883939973
1417766400,123.266217320327,0,0,0,22.6094323021791,117.086634591656,42.9,-59.3298495735077
1417770000,149.838167091168,0,0,0,13.5911378589566,135.2,60.6697618258054,-59.6227325935945
1417773600,130.679419952544,0,0,0,-0.879966452947332,117.086634591658,74.3049796447044,-59.8322278308708
1417777200,87.2505904885669,0,0,0,-3.26780311973181,67.6000000000006,82.876435895602,-59.9580422873039
1417780800,32.6547504261207,0,0,0,6.85475042612227,-1.59033043537e-12,85.8,-60
1417784400,-67.8962232714699,0,0,0,-23.214616879768,-67.6000000000001,82.8764358956021,-59.9580422873039
1417788000,-102.911938579656,0,0,0,-0.298055801834553,-117.086634591655,74.3049796447051,-59.8322278308708
1417791600,-129.76056749868,0,0,0,4.39240326910931,-135.2,60.6697618258056,-59.6227325935945
1417795200,-124.295373329011,0,0,0,9.22111083615293,-117.086634591656,42.9000000000002,-59.3298495735077
1417798800,-110.108963540368,0,0,0,-5.76164921616562,-67.6000000000019,22.206674069797,-58.9539883939973
1417802400,-69.803495148997,0,0,0,-11.3078204180877,1.32792542524045e-13,-4.21360952239757e-14,-58.4956747309094
1417806000,-16.0781552777092,0,0,0,-3.51593163056804,67.5999999999988,-22.2066740697959,-57.9555495773441
1417809600,10.0882777191297,0,0,0,-6.76398852535728,117.086634591655,-42.8999999999992,-57.3343683471685
1417813200,8.88910891540761,0,0,0,-9.00812944028469,135.2,-60.6697618258056,-56.6329998185021
1417816800,-6.54620736755867,0,0,0,6.52456260414095,117.086634591657,-74.3049796447045,-55.8524249186523
1417820400,-56.4572370750823,0,0,0,13.8129341727185,67.5999999999998,-82.8764358956021,-54.9937353521986
1417824000,-138.959820897263,0,0,0,0.898311176880471,1.32474535032191e-12,-85.8,-54.0581320741452
1417827600,-205.746661119749,0,0,0,-2.22330161386986,-67.6000000000009,-82.876435895602,-53.0469236102766
1417831200,-231.2362244249,0,0,0,12.1169140385268,-117.086634591656,-74.3049796447049,-51.9615242270663
1417834800,-246.123587688187,0,0,0,0.549626091316678,-135.2,-60.6697618258062,-50.803451953697
1417838400,-209.462409855711,0,0,0,0.0985511949048872,-117.086634591656,-42.8999999999999,-49.5743264589597
1417842000,-132.109473179288,0,0,0,5.97306767651018,-67.6000000000011,-22.2066740697967,-48.2758667860001
1417845600,-57.3276165352826,0,0,0,-10.4177275871971,-2.78228324316787e-12,-8.82839875235958e-13,-46.9098889480818
1417849200,62.4003161506859,0,0,0,18.0719454696174,67.5999999999996,22.2066740697961,-45.4783033887272
1417852800,111.278315209305,0,0,0,-4.72520707255978,117.086634591655,42.8999999999995,-43.9831123097896
1417856400,172.931400249634,0,0,0,19.4880452950212,135.2,60.6697618258059,-42.4264068711928
1417860000,140.462746558939,0,0,0,-10.1185034111676,117.086634591657,74.3049796447046,-40.8103642662552
1417863600,102.201120781929,0,0,0,-9.13807043698507,67.599999999999,82.8764358956022,-39.1372446766873
1417867200,53.1650384695032,0,0,0,4.77442658102681,3.972060210232e-13,85.8,-37.409388111524
1417870800,-30.2410298618799,0,0,0,-9.88825462307366,-67.5999999999983,82.8764358956022,-35.6292111344101
1417874400,-80.2711242873857,0,0,0,-3.69026585661676,-117.086634591656,74.3049796447048,-33.7992034838174
1417878000,-95.2887880630978,0,0,0,11.1633747020164,-135.2,60.669761825806,-31.9219245909203
1417881600,-105.500398979089,0,0,0,-1.31376438743213,-117.086634591657,42.9000000000007,-30
1417885200,-71.0485774677878,0,0,0,2.38086615879985,-67.6000000000003,22.2066740697964,-28.0361176963837
1417888800,-45.6277409652847,0,0,0,-19.5947166182299,-1.85474391386916e-12,5.88524511131559e-13,-26.0330243470535
1417892400,30.4125539061354,0,0,0,9.01274943511803,67.5999999999971,-22.2066740697952,-23.9935214591845
1417896000,62.8181007794968,0,0,0,10.5519276498247,117.086634591656,-42.8999999999997,-21.9204614619838
1417899600,58.2685453082403,0,0,0,3.55505085135638,135.2,-60.6697618258061,-19.81674371731
1417903200,29.7503235828843,0,0,0,4.65397910058468,117.086634591658,-74.3049796447042,-17.6853104646543
1417906800,-45.779099198857,0,0,0,-14.9735205971054,67.6000000000016,-82.8764358956019,-15.5291427061513
1417910400,-111.471523725508,0,0,0,-12.3202676881325,3.31228180671511e-12,-85.8,-13.351256037379
1417914000,-160.360909544878,0,0,0,1.2702227804987,-67.5999999999991,-82.8764358956021,-11.1546964297749
1417917600,-189.587641215827,0,0,0,10.7465089911049,-117.086634591657,-74.3049796447046,-8.94253597057043
1417921200,-198.364913813884,0,0,0,4.2227165781207,-135.2,-60.6697618258058,-6.71786856619855
1417924800,-164.238923426241,0,0,0,0.231516780598556,-117.086634591655,-42.8999999999994,-4.48380561518545
1417928400,-73.3299621065599,0,0,0,18.7201836198198,-67.6000000000028,-22.2066740697973,-2.24347165657955
1417932000,-4.53461317481618,0,0,0,-4.53461317481493,-9.27204584570444e-13,-2.9420914702716e-13,-2.93915231795365e-14
1417935600,111.738773655754,0,0,0,19.688627929381,67.5999999999979,22.2066740697955,2.24347165657949
1417939200,174.258466117347,0,0,0,9.78802591050561,117.086634591656,42.9,4.4838056151855
1417942800,203.750519994018,0,0,0,1.16288960201382,135.2,60.6697618258054,6.71786856619839
1417946400,191.960718494385,0,0,0,-8.37343171254629,117.086634591656,74.304979644705,8.94253597057047
1417950000,157.342408493638,0,0,0,-4.28872383174266,67.6000000000041,82.8764358956017,11.1546964297748
1417953600,394.797739911208,1,0,0,2.46434497038757,2.3847424774164e-12,85.8,13.3512560373788
1417957200,26.4236274177616,0,0,0,-4.38195118399182,-67.6,82.8764358956021,15.5291427061513
1417960800,-30.6317219622144,0,0,0,-5.53537747991837,-117.086634591655,74.3049796447051,17.6853104646542
1417964400,-48.9728590147234,0,0,0,5.74063544216096,-135.2,60.6697618258056,19.81674371731
1417968000,-64.4763767981501,0,0,0,-12.2102036684774,-117.086634591657,42.9000000000002,21.9204614619836
1417971600,-29.0202301975707,0,0,0,-7.62042572655232,-67.5999999999987,22.2066740697958,23.9935214591844
1417975200,24.5734867088519,0,0,0,-1.45953763819893,-3.84228037026236e-12,1.21918511748709e-12,26.0330243470535
1417978800,66.964395282658,0,0,0,-6.46504834392849,67.5999999999987,-22.2066740697958,28.0361176963837
1417982400,124.453210123275,0,0,0,20.2665755316192,117.086634591655,-42.8999999999992,29.9999999999999
1417986000,113.645651686998,0,0,0,7.19348892188348,135.2,-60.6697618258056,31.9219245909202
1417989600,70.7715164784394,0,0,0,-5.80934195233058,117.086634591657,-74.3049796447045,33.7992034838172
1417993200,14.8659617861812,0,0,0,-5.48681345262678,67.6,-82.8764358956021,35.6292111344101
1417996800,-44.9135846707716,0,0,0,3.47702721770671,-2.38541196687293e-12,-85.8,37.4093881115241
1418000400,-120.870871206641,0,0,0,-9.53167998772834,-67.5999999999974,-82.8764358956023,39.1372446766872
1418004000,-138.253415300759,0,0,0,12.3278346693461,-117.086634591656,-74.304979644705,40.8103642662552
1418007600,-168.315470367953,0,0,0,-14.8721154133394,-135.2,-60.6697618258063,42.4264068711928
1418011200,-117.204785946822,0,0,0,-1.20126366495566,-117.086634591656,-42.9,43.9831123097896
1418014800,-49.4134070833009,0,0,0,-5.08503640223011,-67.6000000000012,-22.2066740697967,45.4783033887271
1418018400,48.4900983636519,0,0,0,1.58020941556893,9.27874074026978e-13,2.94421581181637e-13,46.9098889480818
1418022000,118.388599279238,0,0,0,-19.6939415765533,67.5999999999962,22.2066740697949,48.2758667860001
1418025600,211.185765191215,0,0,0,1.62480414060083,117.086634591655,42.8999999999994,49.5743264589597
1418029200,239.652536374856,0,0,0,-7.02067740464707,135.2,60.6697618258058,50.8034519536971
1418032800,237.692683142195,0,0,0,-5.66045532123306,117.086634591657,74.3049796447046,51.9615242270663
1418036400,217.796290618638,0,0,0,14.2729311127606,67.5999999999991,82.8764358956021,53.0469236102766
1418040000,141.329424131384,0,0,0,1.4712920572387,5.29663818818977e-13,85.8,54.0581320741451
1418043600,86.2100435277022,0,0,0,15.9398722799033,-67.6000000000016,82.8764358956019,54.9937353521986
1418047200,8.05615290252819,0,0,0,-5.01461706917512,-117.086634591654,74.3049796447054,55.8524249186522
1418050800,-12.4524840107704,0,0,0,5.44475434492148,-135.2,60.6697618258061,56.6329998185021
1418054400,2.85020626256654,0,0,0,19.7024725070549,-117.086634591658,42.9000000000008,57.3343683471684
1418058000,11.8866039473058,0,0,0,-0.67561969983437,-67.6000000000004,22.2066740697964,57.9555495773441
1418061600,56.6860528051768,0,0,0,-1.80962192573122,-1.98720171166493e-12,6.30554389278296e-13,58.4956747309094
1418065200,122.240153929055,0,0,0,17.8928396048542,67.6000000000003,-22.2066740697964,58.9539883939973
1418068800,126.288566330469,0,0,0,-7.22791783469538,117.086634591657,-42.9000000000007,59.3298495735077
1418072400,129.148336629881,0,0,0,-5.00463413790821,135.2,-60.6697618258052,59.6227325935945
1418076000,112.909610317656,0,0,0,10.2957275398337,117.086634591656,-74.3049796447048,59.8322278308708
1418079600,47.6722201585813,0,0,0,2.9906137668776,67.6000000000017,-82.8764358956019,59.9580422873039
1418083200,-8.41013319533596,0,0,0,17.3898668046645,-3.97875510479734e-13,-85.8,60
1418086800,-80.4099846552431,0,0,0,10.1084089530542,-67.599999999999,-82.8764358956022,59.9580422873039
1418090400,-126.678852838508,0,0,0,4.88053356698285,-117.086634591657,-74.3049796447046,59.8322278308708
1418094000,-156.370426865741,0,0,0,-20.1233976335289,-135.2,-60.6697618258067,59.6227325935946
1418097600,-95.885277685211,0,0,0,4.77150733293886,-117.086634591657,-42.9000000000005,59.3298495735077
1418101200,-37.0525445429469,0,0,0,-6.19985886714392,-67.6000000000029,-22.2066740697973,58.9539883939973
1418104800,66.8523732400722,0,0,0,8.3566985091642,-1.05966238236622e-12,-3.36239025173897e-13,58.4956747309094
1418108400,162.425439063411,0,0,0,14.6632154162695,67.6000000000011,22.2066740697967,57.9555495773441
1418112000,207.874464292525,0,0,0,-9.44653864629986,117.086634591656,42.8999999999999,57.3343683471685
1418115600,234.261793013186,0,0,0,-18.2409686311223,135.2,60.6697618258062,56.6329998185021
1418119200,235.855355202115,0,0,0,-11.3886839528992,117.086634591658,74.3049796447043,55.8524249186523
1418122800,221.241122930679,0,0,0,15.770951682878,67.6000000000009,82.876435895602,54.9937353521986
1418126400,130.379583914017,0,0,0,-9.47854816013112,2.51720027521218e-12,85.8,54.0581320741452
1418130000,69.2876514188622,0,0,0,0.964291912983359,-67.5999999999998,82.8764358956021,53.0469236102766
1418133600,4.16190967298394,0,0,0,-5.01795960713227,-117.086634591655,74.3049796447051,51.9615242270664
1418137200,-25.0378925061601,0,0,0,-1.3111062856628,-135.2,60.6697618258056,50.803451953697
1418140800,-24.6299699891675,0,0,0,-0.0176618564700837,-117.086634591658,42.9000000000013,49.5743264589597
1418144400,-15.5165599692268,0,0,0,-18.3991008250219,-67.6000000000021,22.206674069797,48.2758667860001
1418148000,58.1713386879129,0,0,0,11.2614497398312,-1.32123053067511e-13,4.19236610694986e-14,46.9098889480817
1418151600,384.696335883655,1,0,0,0.642567661285497,67.5999999999986,-22.2066740697958,45.4783033887272
1418155200,119.586504006268,0,0,0,1.41675710482177,117.086634591656,-42.9000000000002,43.9831123097896
1418158800,114.523599103119,0,0,0,-2.43304594226807,135.2,-60.6697618258056,42.4264068711929
1418162400,82.4902028621186,0,0,0,-1.10181635108687,117.086634591655,-74.3049796447051,40.8103642662552
1418166000,14.3920574818529,0,0,0,-9.46875129923611,67.6000000000034,-82.8764358956017,39.1372446766874
1418169600,-44.689473252242,0,0,0,3.70113863623238,1.58966094591347e-12,-85.8,37.409388111524
1418173200,-111.641759161934,0,0,0,3.20546559925589,-67.5999999999973,-82.8764358956023,35.6292111344101
1418176800,-143.648725811246,0,0,0,13.9436849412971,-117.086634591656,-74.304979644705,33.7992034838174
1418180400,-153.90894597985,0,0,0,10.0388912550365,-135.2,-60.6697618258063,31.9219245909203
1418184000,-147.98687034935,0,0,0,-18.0002357576936,-117.086634591656,-42.9,30
1418187600,-71.6555174762393,0,0,0,-9.88496110282942,-67.599999999998,-22.2066740697956,28.0361176963837
1418191200,25.7740248566931,0,0,0,-0.258999490356427,-3.04719883875942e-12,-9.66899631529432e-13,26.0330243470535
1418194800,104.340138919407,0,0,0,-9.46005660957317,67.5999999999994,22.2066740697961,23.9935214591844
1418198400,188.46373967322,0,0,0,6.55664361958236,117.086634591655,42.8999999999994,21.9204614619838
1418202000,223.595437720057,0,0,0,7.90893217694106,135.2,60.6697618258058,19.81674371731
1418205600,201.07506907621,0,0,0,-8.00185562480593,117.086634591657,74.3049796447046,17.6853104646544
1418209200,170.126145873941,0,0,0,4.12056727218852,67.5999999999993,82.8764358956021,15.5291427061513
1418212800,119.611644770709,0,0,0,20.4603887333254,4.50473673160538e-12,85.8,13.351256037379
1418216400,14.1182764930695,0,0,0,-12.3128558323095,-67.5999999999981,82.8764358956023,11.1546964297749
1418220000,-12.024077469312,0,0,0,21.815041507069,-117.086634591656,74.3049796447048,8.94253597057043
1418223600,-74.687940078954,0,0,0,-6.87557047095865,-135.2,60.6697618258061,6.71786856619856
1418227200,-77.9254586192806,0,0,0,-8.22262964281015,-117.086634591656,42.8999999999997,4.48380561518546
1418230800,-49.4204358816552,0,0,0,-6.2705816080307,-67.6000000000005,22.2066740697965,2.24347165657956
1418234400,12.4007486106175,0,0,0,12.4007486106163,1.72295560552991e-12,-5.46707067139299e-13,3.67394039744206e-14
1418238000,38.8293497974722,0,0,0,-4.32050447615002,67.5999999999969,-22.2066740697952,-2.24347165657948
1418241600,-226.908712037744,1,0,0,-3.42940211077489,117.086634591655,-42.8999999999996,-4.48380561518549
1418245200,57.9596169381655,0,0,0,-9.85275266983099,135.2,-60.6697618258051,-6.71786856619838
1418248800,40.0920072532146,0,0,0,6.25288827683347,117.086634591656,-74.3049796447048,-8.94253597057046
1418252400,-23.6550012505472,0,0,0,2.77613107482762,67.6000000000018,-82.8764358956019,-11.1546964297748
1418256000,-97.9055388670718,0,0,0,1.24571717030736,-2.65417712683956e-13,-85.8,-13.3512560373788
1418259600,-169.756060057794,0,0,0,-3.75048145603814,-67.6000000000022,-82.8764358956019,-15.5291427061513
1418263200,-190.49311077375,0,0,0,18.5838139272638,-117.086634591655,-74.3049796447053,-17.6853104646543
1418266800,-218.596312218572,0,0,0,-2.90980667545621,-135.2,-60.6697618258059,-19.81674371731
1418270400,-173.92115368546,0,0,0,7.98594236818148,-117.086634591657,-42.9000000000006,-21.9204614619837
1418274000,-120.62549227774,0,0,0,-6.82529674875941,-67.5999999999997,-22.2066740697962,-23.9935214591844
1418277600,-51.3594938173,0,0,0,-25.326469470245,-1.192120180162e-12,-3.78268903320635e-13,-26.0330243470535
1418281200,64.4507073216409,0,0,0,2.68015094822699,67.600000000001,22.2066740697966,-28.0361176963837
1418284800,119.16509362573,0,0,0,-10.821540965923,117.086634591654,42.8999999999988,-29.9999999999999
1418288400,172.150787980346,0,0,0,8.20295074546032,135.2,60.6697618258054,-31.9219245909201
1418292000,176.189042373289,0,0,0,18.596631620744,117.086634591658,74.3049796447043,-33.7992034838172
1418295600,130.530974255074,0,0,0,15.6837494938809,67.600000000001,82.876435895602,-35.62921113441
1418299200,39.1599916658622,0,0,0,-9.23062022261259,-1.19295704198267e-12,85.8,-37.4093881115241
1418302800,-41.8133773332848,0,0,0,-17.9525685521999,-67.5999999999997,82.8764358956021,-39.1372446766873
1418306400,-94.554671511362,0,0,0,-10.9626522981542,-117.086634591657,74.3049796447045,-40.8103642662552
1418310000,-119.474669691316,0,0,0,-2.51802464592946,-135.2,60.6697618258065,-42.4264068711929
1418313600,-133.41124046785,0,0,0,-15.241493566404,-117.086634591657,42.9000000000003,-43.9831123097896
1418317200,-96.731998544578,0,0,0,-5.86036922564565,-67.6000000000022,22.2066740697971,-45.4783033887272
1418320800,-39.7930816262524,0,0,0,7.11680732182951,-2.64580850863288e-13,8.39535392162358e-14,-46.9098889480818
1418324400,2.62026660008215,0,0,0,5.50280745587949,67.5999999999985,-22.2066740697957,-48.2758667860001
1418328000,21.0847887428788,0,0,0,-3.52751938981782,117.086634591656,-42.9000000000001,-49.5743264589597
1418331600,45.920760325444,0,0,0,22.1939741049457,135.2,-60.6697618258047,-50.803451953697
1418335200,-8.82726609721924,0,0,0,0.352603182894096,117.086634591657,-74.3049796447044,-51.9615242270663
1418338800,-89.601095899436,0,0,0,-21.2777363935575,67.6000000000002,-82.8764358956021,-53.0469236102766
1418342400,-145.085852617424,0,0,0,-5.22772054328106,1.72211874370924e-12,-85.8,-54.0581320741451
1418346000,-189.852644286478,0,0,0,15.6175269613229,-67.6000000000005,-82.876435895602,-54.9937353521986
1418349600,-268.084368158579,0,0,0,-20.8403290035657,-117.086634591656,-74.304979644705,-55.8524249186523
1418353200,-243.232323486333,0,0,0,9.27043815797417,-135.2,-60.6697618258055,-56.6329998185021
1418356800,-220.939366739717,0,0,0,-3.61836380088925,-117.086634591658,-42.9000000000011,-57.3343683471684
1418360400,-143.860484011358,0,0,0,3.90173963578393,-67.6000000000014,-22.2066740697968,-57.9555495773441
1418364000,-60.6081548764935,0,0,0,-2.11248014557989,-3.1796566365552e-12,-1.00892950967617e-12,-58.4956747309094
1418367600,21.4886046218112,0,0,0,-9.36408105398675,67.5999999999993,22.206674069796,-58.9539883939973
1418371200,98.7964635262806,0,0,0,-1.86032149186597,117.086634591655,42.8999999999993,-59.3298495735077
1418374800,131.605498566423,0,0,0,-4.64153066578776,135.2,60.6697618258058,-59.6227325935945
1418378400,135.949949976788,0,0,0,4.39056357129826,117.086634591655,74.3049796447052,-59.8322278308708
1418382000,93.0749774285181,0,0,0,2.55658382021747,67.6000000000027,82.8764358956018,-59.9580422873039
1418385600,30.592116019641,0,0,0,4.79211601964018,7.94579414410533e-13,85.8,-60
1418389200,-67.3604994779482,0,0,0,-22.6788930862486,-67.599999999998,82.8764358956023,-59.9580422873039
1418392800,-114.994224592132,0,0,0,-12.3803418143103,-117.086634591656,74.3049796447048,-59.8322278308708
1418396400,-140.204903066735,0,0,0,-6.05193229894675,-135.2,60.6697618258061,-59.6227325935946
1418400000,-136.574636139884,0,0,0,-3.05815197471987,-117.086634591656,42.8999999999998,-59.3298495735077
1418403600,-113.481723901622,0,0,0,-9.13440957741845,-67.600000000004,22.2066740697977,-58.9539883939973
1418407200,-67.9696284649682,0,0,0,-9.4739537340572,-2.25211730725649e-12,7.1461414557177e-13,-58.4956747309094
1418410800,-11.4074907443026,0,0,0,1.15473290283992,67.5999999999967,-22.2066740697951,-57.9555495773441
1418414400,12.5966504961018,0,0,0,-4.25561574838556,117.086634591655,-42.8999999999996,-57.3343683471685
1418418000,20.101079579688,0,0,0,2.203841223996,135.2,-60.669761825806,-56.632999818502
1418421600,-23.4117161692762,0,0,0,-10.3409461975757,117.086634591656,-74.3049796447047,-55.8524249186523
1418425200,-76.0927506038926,0,0,0,-5.82257935609042,67.5999999999986,-82.8764358956022,-54.9937353521985
1418428800,-159.398813112477,0,0,0,-19.540681038336,3.70965520010244e-12,-85.8,-54.0581320741452
1418432400,-212.968725777713,0,0,0,-9.44536627183524,-67.5999999999988,-82.8764358956022,-53.0469236102766
1418436000,-225.07888504358,0,0,0,18.2742534198466,-117.086634591655,-74.3049796447053,-51.9615242270664
1418439600,-257.120715562362,0,0,0,-10.4475017828594,-135.2,-60.6697618258059,-50.803451953697
1418443200,-190.433767193653,0,0,0,19.1271938569641,-117.086634591657,-42.9000000000006,-49.5743264589597
1418446800,-137.481988271161,0,0,0,0.600552584635428,-67.5999999999998,-22.2066740697962,-48.2758667860001
1418450400,-64.7714650122775,0,0,0,-17.8615760641889,-5.1671930929484e-12,-1.6395901160317e-12,-46.9098889480818
1418454000,61.2518488558298,0,0,0,16.923478174764,67.5999999999976,22.2066740697954,-45.4783033887272
1418457600,116.356143227968,0,0,0,0.352620946102292,117.086634591656,42.8999999999999,-43.9831123097896
1418461200,157.618616715327,0,0,0,4.17526176071499,135.2,60.6697618258053,-42.4264068711929
1418464800,123.332026043291,0,0,0,-27.2492239268145,117.086634591656,74.3049796447049,-40.8103642662551
1418468400,122.409966605996,0,0,0,11.0707753870807,67.6000000000011,82.876435895602,-39.1372446766874
1418472000,44.7819335552721,0,0,0,-3.60867833320292,-1.06049924418689e-12,85.8,-37.409388111524
1418475600,-34.6624924746239,0,0,0,-14.3097172358198,-67.5999999999963,82.8764358956024,-35.6292111344102
1418479200,-87.7917347010517,0,0,0,-11.2108762702844,-117.086634591655,74.3049796447052,-33.7992034838173
1418482800,-94.9121215857562,0,0,0,11.5400411793576,-135.2,60.6697618258066,-31.9219245909204
1418486400,-114.490941377086,0,0,0,-10.30430678543,-117.086634591657,42.9000000000003,-30
1418490000,-68.6213908721032,0,0,0,4.8080527544836,-67.599999999999,22.2066740697959,-28.0361176963837
1418493600,-33.3897645425304,0,0,0,-7.35674019547393,-4.23965376364969e-12,1.3452747519273e-12,-26.0330243470535
1418497200,1.75441362224831,0,0,0,-19.6453908487698,67.5999999999983,-22.2066740697957,-23.9935214591845
1418500800,70.3423546094039,0,0,0,18.0761814797314,117.086634591656,-42.9000000000001,-21.9204614619838
1418504400,42.0831344293166,0,0,0,-12.6303600275669,135.2,-60.6697618258064,-19.8167437173101
1418508000,25.7951177826079,0,0,0,0.698773300309201,117.086634591657,-74.3049796447044,-17.6853104646544
1418511600,-10.5044215578156,0,0,0,20.3011570439373,67.6000000000003,-82.876435895602,-15.5291427061512
1418515200,-88.4633832943615,0,0,0,10.6878727430118,5.69719165649564e-12,-85.8,-13.351256037379
1418518800,-148.150202354775,0,0,0,13.4809299705993,-67.5999999999971,-82.8764358956023,-11.1546964297748
1418522400,-186.592787370407,0,0,0,13.7413628365243,-117.086634591656,-74.304979644705,-8.94253597057065
1418526000,-215.985764106807,0,0,0,-13.3981337148029,-135.2,-60.6697618258055,-6.71786856619846
1418529600,-162.395946579587,0,0,0,2.07449362725153,-117.086634591654,-42.899999999999,-4.48380561518546
1418533200,-95.6191476107756,0,0,0,-3.5690018843976,-67.6000000000016,-22.2066740697968,-2.24347165657956
1418536800,-2.45575357421139,0,0,0,-2.45575357421204,5.30500680639645e-13,1.68331946741426e-13,-4.40872847693047e-14
1418540400,90.4710137306633,0,0,0,-1.57913199570678,67.5999999999958,22.2066740697948,2.24347165657948
1418544000,146.622415443264,0,0,0,-17.8480247635758,117.086634591655,42.8999999999993,4.48380561518537
1418547600,222.777448210283,0,0,0,20.1898178182784,135.2,60.6697618258057,6.71786856619837
1418551200,243.302862218451,0,0,0,42.9687120115204,117.086634591655,74.3049796447052,8.94253597057035
1418554800,170.876679637942,0,0,0,9.24554731256283,67.6000000000028,82.8764358956018,11.1546964297747
1418558400,92.7083015347929,0,0,0,-6.44295450258696,9.27037212206311e-13,85.8,13.3512560373789
1418562000,24.7504038995454,0,0,0,-6.05517470221366,-67.5999999999946,82.8764358956026,15.5291427061511
1418565600,-8.39005381202294,0,0,0,16.7062906702714,-117.086634591654,74.3049796447055,17.6853104646543
1418569200,-65.0470865059655,0,0,0,-10.3335920490816,-135.2,60.6697618258062,19.81674371731
1418572800,-55.225540522965,0,0,0,-2.9593673932927,-117.086634591656,42.8999999999998,21.9204614619837
1418576400,-27.0311033643531,0,0,0,-5.63129889333543,-67.5999999999974,22.2066740697954,23.9935214591844
1418580000,43.1730496529075,0,0,0,17.1400253058556,-2.38457510505227e-12,7.56644023718508e-13,26.0330243470534
1418583600,76.7565476878596,0,0,0,3.3271040612722,67.6,-22.2066740697963,28.0361176963837
1418587200,102.683767270958,0,0,0,-1.50286732069686,117.086634591653,-42.8999999999985,29.9999999999999
1418590800,108.860773344436,0,0,0,2.40861057932142,135.2,-60.6697618258051,31.9219245909201
1418594400,72.2347130177059,0,0,0,-4.34614541306311,117.086634591657,-74.3049796447047,33.7992034838172
1418598000,23.2446864458292,0,0,0,2.89191120702276,67.5999999999987,-82.8764358956022,35.62921113441
1418601600,-51.3027579362858,0,0,0,-2.91214604781354,3.84211299789822e-12,-85.8,37.4093881115239
1418605200,-108.480484872556,0,0,0,2.85870634635779,-67.5999999999987,-82.8764358956022,39.1372446766873
1418608800,-170.148098529195,0,0,0,-19.5668485590887,-117.086634591657,-74.3049796447047,40.8103642662552
1418612400,-153.452676680417,0,0,0,-0.00932172580315182,-135.2,-60.6697618258068,42.4264068711929
1418616000,-120.704118854127,0,0,0,-4.70059657225918,-117.086634591657,-42.9000000000006,43.9831123097896
1418619600,-37.7387955854983,0,0,0,6.58957509557076,-67.6,-22.2066740697963,45.4783033887272
1418623200,40.9408197929097,0,0,0,-5.96906915517518,2.38557933923707e-12,7.56962674950223e-13,46.9098889480818
1418626800,140.924371049928,0,0,0,2.84183019413496,67.5999999999974,22.2066740697954,48.2758667860001
1418630400,211.251720025529,0,0,0,1.69075897491371,117.086634591656,42.8999999999998,49.5743264589596
1418634000,252.198380817386,0,0,0,5.52516703788466,135.2,60.6697618258044,50.803451953697
1418637600,265.611940390314,0,0,0,22.2588019268857,117.086634591658,74.3049796447043,51.9615242270663
1418641200,221.642328622155,0,0,0,18.1189691162749,67.6000000000012,82.876435895602,53.0469236102765
1418644800,138.078048900374,0,0,0,-1.78008317377061,-9.28041446391112e-13,85.8,54.0581320741451
1418648400,68.0467052601294,0,0,0,-2.22346598766819,-67.6000000000028,82.8764358956018,54.9937353521986
1418652000,5.40533207281454,0,0,0,-7.66543789888786,-117.086634591655,74.3049796447052,55.8524249186523
1418655600,-26.6447483613395,0,0,0,-8.74751000564726,-135.2,60.6697618258057,56.6329998185021
1418659200,-4.62724741377471,0,0,0,12.2250188307141,-117.086634591659,42.9000000000014,57.3343683471684
1418662800,28.1950645186296,0,0,0,15.6328408714909,-67.6000000000025,22.2066740697972,57.9555495773441
1418666400,65.2252337653945,0,0,0,6.72955903448546,-5.29496446454844e-13,1.6801329550971e-13,58.4956747309094
1418670000,111.43359311244,0,0,0,7.08627878823773,67.6000000000016,-22.2066740697968,58.9539883939973
1418673600,129.206626797127,0,0,0,-4.30985736803646,117.086634591654,-42.899999999999,59.3298495735077
1418677200,119.378782344406,0,0,0,-14.7741884233827,135.2,-60.6697618258055,59.6227325935945
1418680800,88.0111450301446,0,0,0,-14.6027377476768,117.086634591656,-74.304979644705,59.8322278308708
1418684400,39.8728906045026,0,0,0,-4.80871578720337,67.6000000000037,-82.8764358956017,59.9580422873039
1418688000,-22.5450925239856,0,0,0,3.25490747601241,1.9870343393008e-12,-85.8,60
1418691600,-102.000362638396,0,0,0,-11.4819690300974,-67.6000000000003,-82.876435895602,59.9580422873039
1418695200,-122.09268032563,0,0,0,9.46670607986077,-117.086634591657,-74.3049796447044,59.8322278308708
1418698800,-139.735772239813,0,0,0,-3.48874300760084,-135.2,-60.6697618258064,59.6227325935946
1418702400,-98.6727686618997,0,0,0,1.98401635624902,-117.086634591656,-42.9000000000001,59.3298495735077
1418706000,-36.524063605454,0,0,0,-5.67137792964822,-67.600000000005,-22.206674069798,58.9539883939973
1418709600,72.6293458057729,0,0,0,14.133671074868,-3.44457223214676e-12,-1.09298926596964e-12,58.4956747309094
1418713200,134.878538735026,0,0,0,-12.8836849121131,67.599999999999,22.2066740697959,57.9555495773441
1418716800,236.889123875356,0,0,0,19.56812093653,117.086634591657,42.9000000000003,57.3343683471685
1418720400,253.36722765049,0,0,0,0.864466006181463,135.2,60.6697618258066,56.632999818502
1418724000,263.511009710186,0,0,0,16.266970555172,117.086634591657,74.3049796447046,55.8524249186523
1418727600,209.979076658679,0,0,0,4.50890541087839,67.5999999999996,82.8764358956021,54.9937353521985
1418731200,125.79775739175,0,0,0,-14.0603746823997,4.90211012499271e-12,85.8,54.0581320741452
1418734800,65.0458116238627,0,0,0,-3.27754788201843,-67.5999999999978,82.8764358956023,53.0469236102766
1418738400,17.4355853614668,0,0,0,8.25571608135151,-117.086634591656,74.3049796447049,51.9615242270664
1418742000,-24.2875686352921,0,0,0,-0.560782414794414,-135.2,60.6697618258053,50.803451953697
1418745600,-23.5873008987665,0,0,0,1.0250072339307,-117.086634591658,42.9000000000009,49.5743264589597
1418749200,37.3003169023129,0,0,0,34.4177760465171,-67.6000000000009,22.2066740697966,48.2758667860001
1418752800,48.013340947205,0,0,0,1.10345199912749,-6.35964801783867e-12,2.01796523642958e-12,46.9098889480818
1418756400,97.6529683208121,0,0,0,6.78133900188345,67.5999999999965,-22.206674069795,45.4783033887272
1418760000,115.159130522501,0,0,0,-3.01061637894374,117.086634591655,-42.8999999999995,43.9831123097895
1418763600,130.910447181263,0,0,0,13.9538021358756,135.2,-60.6697618258059,42.4264068711929
1418767200,78.3430601154297,0,0,0,-5.24895909777474,117.086634591655,-74.3049796447053,40.8103642662551
1418770800,8.35950940833502,0,0,0,-15.5012993727526,67.6000000000021,-82.8764358956019,39.1372446766874
1418774400,-60.0459016731434,0,0,0,-11.6552897846675,1.31955680703377e-13,-85.8,37.409388111524
1418778000,-106.565523321433,0,0,0,8.28170143975471,-67.5999999999952,-82.8764358956025,35.6292111344102
1418781600,-144.968206444008,0,0,0,12.6242043085345,-117.086634591655,-74.3049796447053,33.7992034838173
1418785200,-170.116838563764,0,0,0,-6.1690013288788,-135.2,-60.669761825806,31.9219245909204
1418788800,-118.957266627737,0,0,0,11.0293679639181,-117.086634591655,-42.8999999999996,30
1418792400,-66.6200428365065,0,0,0,-4.84948646308935,-67.6000000000034,-22.2066740697975,28.0361176963837
1418796000,16.0445472265586,0,0,0,-9.98847712049288,-1.58949357354933e-12,-5.04358537760846e-13,26.0330243470535
1418799600,121.940010334566,0,0,0,8.13981480558408,67.6000000000006,22.2066740697965,23.9935214591845
1418803200,195.504182833376,0,0,0,13.5970867797399,117.086634591654,42.8999999999987,21.9204614619838
1418806800,226.027588565883,0,0,0,10.3410830227673,135.2,60.6697618258053,19.8167437173099
1418810400,225.281484981275,0,0,0,16.2045602802601,117.086634591656,74.3049796447049,17.6853104646544
1418814000,164.149133252358,0,0,0,-1.85644534939318,67.599999999998,82.8764358956023,15.5291427061512
1418817600,93.6624326276998,0,0,0,-5.48882340968228,3.04703146639529e-12,85.8,13.351256037379
1418821200,28.7329742428138,0,0,0,2.30184191743623,-67.5999999999994,82.8764358956021,11.1546964297748
1418824800,-47.2879264106341,0,0,0,-13.4488074342575,-117.086634591653,74.3049796447058,8.94253597057066
1418828400,-73.2874738785071,0,0,0,-5.47510427051217,-135.2,60.6697618258066,6.71786856619847
1418832000,-75.3290363206847,0,0,0,-5.62620734421395,-117.086634591657,42.9000000000004,4.48380561518568
1418835600,-46.5199718678712,0,0,0,-3.37011759424756,-67.5999999999993,22.206674069796,2.24347165657957
1418839200,-1.74650110830116,0,0,0,-1.74650110830338,3.18066087074e-12,-1.00924816090788e-12,5.14351655641888e-14
1418842800,37.0186128595415,0,0,0,-6.1312414140815,67.5999999999981,-22.2066740697956,-2.24347165657947
1418846400,69.8840027648343,0,0,0,0.181173788363478,117.086634591656,-42.9,-4.48380561518537
1418850000,62.1108725384667,0,0,0,-5.7014970695303,135.2,-60.6697618258046,-6.71786856619837
1418853600,33.1409626894305,0,0,0,-0.698156286952099,117.086634591658,-74.3049796447044,-8.94253597057056
1418857200,-31.4064098907751,0,0,0,-4.97527756539888,67.6000000000005,-82.876435895602,-11.1546964297747
1418860800,-104.415957368672,0,0,0,-5.26470133129177,-1.72312297789404e-12,-85.8,-13.3512560373789
1418864400,-174.936869030126,0,0,0,-8.93129042837618,-67.5999999999969,-82.8764358956024,-15.5291427061511
1418868000,-212.021457479419,0,0,0,-2.94453277840385,-117.086634591655,-74.3049796447051,-17.6853104646543
1418871600,-190.351661649235,0,0,0,25.3348438938825,-135.2,-60.6697618258073,-19.8167437173098
1418875200,-170.589115807216,0,0,0,11.3179802464271,-117.086634591658,-42.9000000000012,-21.9204614619837
1418878800,-126.331970815565,0,0,0,-12.5317752865822,-67.6000000000018,-22.2066740697969,-23.9935214591844
1418882400,-19.7113582069362,0,0,0,6.32166614011691,2.65585085048089e-13,8.42721904479515e-14,-26.0330243470534
1418886000,-254.804573213628,1,0,0,-23.3929906836048,67.6000000000022,22.2066740697971,-28.0361176963837
1418889600,133.366565086016,0,0,0,3.37993049436215,117.086634591655,42.8999999999992,-29.9999999999999
1418893200,174.145072538863,0,0,0,10.1972353039777,135.2,60.6697618258057,-31.9219245909201
1418896800,164.952657020697,0,0,0,7.36024626815108,117.086634591659,74.3049796447039,-33.7992034838172
1418900400,106.138427266116,0,0,0,-8.70879749507842,67.600000000003,82.8764358956018,-35.6292111344102
1418904000,43.889888274927,0,0,0,-4.50072361355032,1.19195280779787e-12,85.8,-37.4093881115239
1418907600,-33.4881438354306,0,0,0,-9.62733505434429,-67.600000000001,82.876435895602,-39.1372446766873
1418911200,-75.3041774812524,0,0,0,8.28784173195108,-117.086634591654,74.3049796447055,-40.810364266255
1418914800,-122.533678055771,0,0,0,-5.57703301038436,-135.2,60.6697618258062,-42.4264068711929
1418918400,-119.142448866487,0,0,0,-0.972701965041625,-117.086634591656,42.8999999999999,-43.9831123097896
1418922000,-95.6005599194996,0,0,0,-4.72893060056599,-67.6000000000043,22.2066740697978,-45.4783033887272
1418925600,-43.015495766395,0,0,0,3.8943931816886,-2.64949070064382e-12,8.40703780011982e-13,-46.9098889480818
1418929200,-4.34496829602224,0,0,0,-1.46242744022571,67.5999999999997,-22.2066740697962,-48.2758667860001
1418932800,27.512313380823,0,0,0,2.90000524812608,117.086634591657,-42.9000000000006,-49.5743264589596
1418936400,49.7476536198435,0,0,0,26.0208673993455,135.2,-60.669761825805,-50.803451953697
1418940000,1.79614209691163,0,0,0,10.9760113770259,117.086634591657,-74.3049796447047,-51.9615242270663
1418943600,-75.222033662419,0,0,0,-6.89867415654646,67.6000000000056,-82.8764358956015,-53.0469236102765
1418947200,-138.725263744857,0,0,0,1.13286832928456,4.10702859348978e-12,-85.8,-54.0581320741452
1418950800,-209.449436596628,0,0,0,-3.97926534882885,-67.5999999999985,-82.8764358956022,-54.9937353521986
1418954400,-245.916894261894,0,0,0,1.32714489311938,-117.086634591656,-74.3049796447048,-55.8524249186523
1418958000,-256.321260967835,0,0,0,-3.81849932352761,-135.2,-60.6697618258051,-56.6329998185021
1418961600,-214.294058673541,0,0,0,3.02694426528584,-117.086634591657,-42.9000000000007,-57.3343683471684
1418965200,-150.049821821023,0,0,0,-2.28759817388192,-67.6000000000002,-22.2066740697963,-57.9555495773441
1418968800,-59.223222089753,0,0,0,-0.7275473588363,-5.56456648633573e-12,-1.76567975047192e-12,-58.4956747309094
1418972400,40.0820280553872,0,0,0,9.22934237959203,67.5999999999972,22.2066740697953,-58.9539883939973
1418976000,79.4119077640819,0,0,0,-21.2448772540658,117.086634591656,42.8999999999997,-59.3298495735077
1418979600,129.775600226775,0,0,0,-6.47142900543634,135.2,60.6697618258061,-59.6227325935945
1418983200,128.68264949114,0,0,0,-2.87673691435148,117.086634591658,74.3049796447042,-59.8322278308708
1418986800,75.9322488440258,0,0,0,-14.5861447642737,67.6000000000014,82.8764358956019,-59.9580422873039
1418990400,38.8061860221221,0,0,0,13.0061860221228,-6.63125850799556e-13,85.8,-60
1418994000,-37.0606058505821,0,0,0,7.6210005411153,-67.5999999999959,82.8764358956025,-59.9580422873039
1418997600,-93.869253706872,0,0,0,8.74462907094846,-117.086634591655,74.3049796447052,-59.8322278308708
1419001200,-132.296264324398,0,0,0,1.85670644339088,-135.2,60.6697618258058,-59.6227325935946
1419004800,-123.279811440919,0,0,0,10.236672724244,-117.086634591655,42.8999999999994,-59.3298495735077
1419008400,-101.414561365105,0,0,0,2.93275295909817,-67.6000000000027,22.2066740697972,-58.9539883939973
1419012000,-71.7610436910939,0,0,0,-13.2653689601839,-7.94412042046399e-13,2.52073051803184e-13,-58.4956747309094
1419015600,-23.321370495852,0,0,0,-10.7591468487082,67.5999999999947,-22.2066740697944,-57.9555495773441
1419019200,21.005243927268,0,0,0,4.15297768278122,117.086634591654,-42.899999999999,-57.3343683471685
1419022800,34.8224152644042,0,0,0,16.9251769087117,135.2,-60.6697618258054,-56.6329998185021
1419026400,-19.0151111871476,0,0,0,-5.94434121544607,117.086634591656,-74.304979644705,-55.8524249186523
1419030000,-53.6455919401658,0,0,0,16.6245793076377,67.5999999999973,-82.8764358956023,-54.9937353521985
1419033600,-142.647334931543,0,0,0,-2.78920285739993,2.25194993489235e-12,-85.8,-54.0581320741452
1419037200,-206.849308289489,0,0,0,-3.32594878361032,-67.6000000000001,-82.8764358956021,-53.0469236102766
1419040800,-255.749098132052,0,0,0,-12.395959668627,-117.086634591653,-74.3049796447057,-51.9615242270663
1419044400,-256.900575097535,0,0,0,-10.2273613180314,-135.2,-60.6697618258065,-50.803451953697
1419048000,-219.468843552919,0,0,0,-9.90788250230265,-117.086634591656,-42.9000000000002,-49.5743264589597
1419051600,-134.148867356842,0,0,0,3.93367349895242,-67.5999999999986,-22.2066740697958,-48.2758667860001
1419055200,-57.4687885783347,0,0,0,-10.558899630248,-3.70948782773831e-12,-1.17704902226312e-12,-46.9098889480818
1419058800,61.1774866287701,0,0,0,16.8491159477026,67.5999999999988,22.2066740697959,-45.4783033887272
1419062400,143.353115539169,0,0,0,27.3495932573074,117.086634591653,42.8999999999982,-43.9831123097896
1419066000,160.095509732551,0,0,0,6.65215477793915,135.2,60.6697618258048,-42.4264068711929
1419069600,161.755137268192,0,0,0,11.1738872980852,117.086634591657,74.3049796447045,-40.8103642662553
1419073200,113.575311071212,0,0,0,2.23611985229734,67.5999999999998,82.8764358956021,-39.1372446766872
1419076800,41.3641065127567,0,0,0,-7.02650537571682,-2.51820450939698e-12,85.8,-37.409388111524
1419080400,-2.71092582731444,0,0,0,17.6418494114911,-67.5999999999976,82.8764358956023,-35.6292111344102
1419084000,-65.558973126201,0,0,0,11.0218853045623,-117.086634591652,74.3049796447062,-33.7992034838175
1419087600,-97.5052520719049,0,0,0,8.94691069320992,-135.2,60.6697618258054,-31.9219245909202
1419091200,-92.6902189716872,0,0,0,11.4964156199698,-117.086634591658,42.900000000001,-30
1419094800,-76.2905701538838,0,0,0,-2.86112652729561,-67.6000000000011,22.2066740697967,-28.0361176963838
1419098400,-43.2810246745698,0,0,0,-17.2480003275116,-6.62456361343022e-12,2.10202499272305e-12,-26.0330243470537
1419102000,8.99474143537168,0,0,0,-12.4050630356494,67.6000000000029,-22.2066740697973,-23.9935214591845
1419105600,49.2449551617765,0,0,0,-3.02121796789541,117.086634591655,-42.8999999999995,-21.9204614619838
1419109200,26.5976127654142,0,0,0,-28.1158816914716,135.2,-60.6697618258041,-19.8167437173101
1419112800,31.3583764079061,0,0,0,6.26203192561072,117.086634591655,-74.3049796447053,-17.6853104646542
1419116400,-27.8681417639892,0,0,0,2.93743683776148,67.6000000000024,-82.8764358956018,-15.5291427061512
1419120000,-91.493728851573,0,0,0,7.65752718580565,3.96871276294933e-13,-85.8,-13.351256037379
1419123600,-172.510257826636,0,0,0,-10.8791255012639,-67.599999999995,-82.8764358956025,-11.1546964297751
1419127200,-207.331114715142,0,0,0,-6.99696450820955,-117.086634591658,-74.3049796447042,-8.94253597057045
1419130800,-205.684969498511,0,0,0,-3.09733910650675,-135.2,-60.669761825806,-6.71786856619848
1419134400,-182.602018346902,0,0,0,-18.1315781400553,-117.086634591659,-42.9000000000018,-4.48380561518548
1419138000,-100.5426294853,0,0,0,-8.49248375891922,-67.6000000000036,-22.2066740697976,-2.24347165657979
1419141600,6.52253698125909,0,0,0,6.5225369812616,-1.85440916914089e-12,-5.8841829405432e-13,-5.8783046359073e-14
1419145200,-203.113559648304,1,0,0,-1.98156647124097,67.6000000000004,22.2066740697964,2.24347165657946
1419148800,164.963942807379,0,0,0,0.493502600541471,117.086634591654,42.8999999999987,4.48380561518536
1419152400,216.806001401933,0,0,0,14.2183710099275,135.2,60.6697618258069,6.71786856619857
1419156000,205.914259943644,0,0,0,5.58010973671229,117.086634591656,74.3049796447048,8.94253597057055
1419159600,168.716179568657,0,0,0,7.08504724327604,67.6000000000049,82.8764358956016,11.1546964297747
1419163200,101.524186988333,0,0,0,2.37293095095059,3.31194706198684e-12,85.8,13.3512560373787
1419166800,26.7351138193339,0,0,0,-4.0704647824204,-67.5999999999991,82.8764358956021,15.5291427061513
1419170400,-46.4116202275848,0,0,0,-21.3152757452869,-117.086634591657,74.3049796447046,17.6853104646543
1419174000,-54.0816095990104,0,0,0,0.631884857873089,-135.2,60.6697618258067,19.8167437173098
1419177600,-58.2768137760638,0,0,0,-6.01064064638904,-117.086634591661,42.9000000000026,21.9204614619835
1419181200,-18.5118256029662,0,0,0,2.88797886805281,-67.5999999999995,22.2066740697961,23.9935214591844
1419184800,26.4414756731722,0,0,0,0.408451326122008,-4.7694849548328e-12,1.51339426451425e-12,26.0330243470534
1419188400,74.1460139388195,0,0,0,0.716570312233422,67.5999999999979,-22.2066740697955,28.0361176963836
1419192000,106.806649812386,0,0,0,2.6200152207297,117.086634591656,-42.9,30.0000000000001
1419195600,108.923682269094,0,0,0,2.47151950398044,135.2,-60.6697618258063,31.9219245909201
1419199200,68.1803331053997,0,0,0,-8.40052532537084,117.086634591658,-74.3049796447043,33.7992034838172
1419202800,13.8566976070198,0,0,0,-6.49607763179624,67.6000000000074,-82.8764358956014,35.62921113441
1419206400,-49.8812082576047,0,0,0,-1.49059636912725,-1.45820738230249e-12,-85.8,37.4093881115241
1419210000,-120.380779187669,0,0,0,-9.04158796875678,-67.5999999999966,-82.8764358956024,39.1372446766873
1419213600,-162.443002563391,0,0,0,-11.8617525932853,-117.086634591655,-74.3049796447051,40.810364266255
1419217200,-151.683626290719,0,0,0,1.75972866389562,-135.2,-60.6697618258073,42.4264068711927
1419220800,-111.213511474825,0,0,0,4.79001080703871,-117.086634591655,-42.8999999999992,43.9831123097896
1419224400,-48.1267039478694,0,0,0,-3.79833326679755,-67.600000000002,-22.206674069797,45.4783033887272
1419228000,25.5609264790851,0,0,0,-21.3489624689866,-7.68456074052471e-12,-2.43837023497419e-12,46.9098889480818
1419231600,153.86127477238,0,0,0,15.7787339165809,67.600000000002,22.206674069797,48.2758667860002
1419235200,210.181375355657,0,0,0,0.620414305043995,117.086634591655,42.8999999999992,49.5743264589596
1419238800,243.163236982962,0,0,0,-3.50997679654088,135.2,60.6697618258056,50.803451953697
1419242400,258.633792103514,0,0,0,15.2806536400851,117.086634591659,74.3049796447039,51.9615242270663
1419246000,195.579804506914,0,0,0,-7.94355499896175,67.5999999999966,82.8764358956024,53.0469236102766
1419249600,133.116899156646,0,0,0,-6.74123291750114,1.45686840338942e-12,85.8,54.0581320741452
1419253200,69.0208764094766,0,0,0,-1.2492948383304,-67.5999999999941,82.8764358956026,54.9937353521985
1419256800,6.14912133123364,0,0,0,-6.92164864047025,-117.086634591654,74.3049796447056,55.8524249186522
1419260400,-38.3266021915954,0,0,0,-20.4293638359037,-135.2,60.6697618258063,56.6329998185021
1419264000,-31.1810710495259,0,0,0,-14.3288048050383,-117.086634591656,42.9,57.3343683471684
1419267600,5.88501248528067,0,0,0,-6.67721116185671,-67.6000000000045,22.2066740697979,57.955549577344
1419271200,58.8392932401198,0,0,0,0.343618509207136,4.77082393374587e-12,-1.51381913282321e-12,58.4956747309094
1419274800,87.437515834458,0,0,0,-16.9097984897427,67.5999999999995,-22.2066740697961,58.9539883939973
1419278400,117.861309126713,0,0,0,-15.6551750384492,117.086634591653,-42.8999999999984,59.3298495735077
1419282000,136.096615309424,0,0,0,1.9436445416348,135.2,-60.669761825805,59.6227325935945
1419285600,106.89787367181,0,0,0,4.28399089398714,117.086634591657,-74.3049796447046,59.8322278308708
1419289200,35.3058952786736,0,0,0,-9.37571111302734,67.5999999999991,-82.8764358956021,59.9580422873039
1419292800,-12.4022298314577,0,0,0,13.397770168538,4.37194418908133e-12,-85.8,60
1419296400,-92.5673741169905,0,0,0,-2.04898050868791,-67.6000000000049,-82.8764358956016,59.9580422873039
1419300000,-128.738472890699,0,0,0,2.82091351479138,-117.086634591656,-74.3049796447048,59.8322278308708
1419303600,-121.315773877815,0,0,0,14.9312553543971,-135.2,-60.6697618258069,59.6227325935946
1419307200,-100.764263029047,0,0,0,-0.107478010896735,-117.086634591658,-42.9000000000008,59.3298495735078
1419310800,-30.771111551395,0,0,0,0.0815741244045117,-67.6000000000004,-22.2066740697964,58.9539883939973
1419314400,44.9575632174061,0,0,0,-13.5381115135058,1.85574814805396e-12,5.88843162363275e-13,58.4956747309094
1419318000,146.308698278527,0,0,0,-1.45352536860951,67.599999999997,22.2066740697952,57.9555495773441
1419321600,213.729818376275,0,0,0,-3.59118456254233,117.086634591652,42.8999999999976,57.3343683471685
1419325200,264.652515061929,0,0,0,12.149753417621,135.2,60.669761825806,56.632999818502
1419328800,248.564484687101,0,0,0,1.32044553208672,117.086634591658,74.3049796447042,55.8524249186523
1419332400,201.173382827458,0,0,0,-4.2967884203439,67.6000000000017,82.8764358956019,54.9937353521986
1419336000,149.021592559132,0,0,0,9.16346048498759,-3.98210255208001e-13,85.8,54.0581320741451
1419339600,60.0750706273624,0,0,0,-8.24828887851367,-67.6000000000024,82.8764358956018,53.0469236102766
1419343200,8.30035297937311,0,0,0,-0.879516300743678,-117.086634591655,74.3049796447053,51.9615242270663
1419346800,-6.91732493759934,0,0,0,16.8094612828959,-135.2,60.6697618258076,50.8034519536972
1419350400,-25.0120893596356,0,0,0,-0.399781226939684,-117.086634591655,42.8999999999995,49.5743264589597
1419354000,-1.46063444564237,0,0,0,-4.34317530143688,-67.6000000000029,22.2066740697973,48.2758667860001
1419357600,45.1427339693824,0,0,0,-1.76715497869868,-1.05932763763795e-12,3.36132808096659e-13,46.9098889480818
1419361200,94.7661647364552,0,0,0,3.89453541752771,67.5999999999944,-22.2066740697943,45.4783033887274
1419364800,136.634110370469,0,0,0,18.4643634690226,117.086634591658,-42.900000000001,43.9831123097895
1419368400,116.954350826479,0,0,0,-0.0022942189083573,135.2,-60.6697618258054,42.4264068711929
1419372000,85.2947723972119,0,0,0,1.70275318400067,117.08663459166,-74.3049796447037,40.8103642662553
1419375600,21.0693170429605,0,0,0,-2.79149173812199,67.5999999999976,-82.8764358956023,39.1372446766872
1419379200,-44.2551214099973,0,0,0,4.13549047847624,2.51686553048391e-12,-85.8,37.409388111524
1419382800,-110.44672407312,0,0,0,4.40050068807125,-67.5999999999998,-82.8764358956021,35.6292111344102
1419386400,-148.244481648261,0,0,0,9.34792910428058,-117.086634591653,-74.3049796447057,33.7992034838175
1419390000,-179.873714752577,0,0,0,-15.9258775176922,-135.2,-60.6697618258048,31.9219245909202
1419393600,-126.60871656915,0,0,0,3.3779180225071,-117.086634591657,-42.9000000000003,30
1419397200,-67.7467506645606,0,0,0,-5.97619429114069,-67.6000000000055,-22.2066740697982,28.0361176963838
1419400800,36.0298571725381,0,0,0,9.99683282548961,-3.97440342332987e-12,-1.26110877855659e-12,26.0330243470537
1419404400,113.069015919119,0,0,0,-0.731179609860092,67.5999999999986,22.2066740697958,23.9935214591843
1419408000,168.916028931858,0,0,0,-12.9910671217822,117.086634591656,42.9000000000002,21.9204614619838
1419411600,212.922535665228,0,0,0,-2.76396987788737,135.2,60.6697618258047,19.8167437173101
1419415200,211.551984438514,0,0,0,2.47505973750019,117.086634591653,74.3049796447057,17.6853104646542
1419418800,158.971457724364,0,0,0,-7.03412087738974,67.6000000000001,82.8764358956021,15.5291427061512
1419422400,95.7131668846746,0,0,0,-3.43808915270985,5.43194131617582e-12,85.8,13.351256037379
1419426000,8.31135759366163,0,0,0,-18.1197747317185,-67.5999999999973,82.8764358956023,11.1546964297751
1419429600,-27.4053729424556,0,0,0,6.43374603392471,-117.086634591656,74.304979644705,8.94253597057046
1419433200,-51.7045857542742,0,0,0,16.1077838537219,-135.2,60.6697618258054,6.71786856619848
1419436800,-65.0736572397129,0,0,0,4.6291717367586,-117.086634591658,42.9000000000011,4.48380561518549
1419440400,-49.4704554542653,0,0,0,-6.32060118063625,-67.600000000008,22.2066740697991,2.2434716565798
1419444000,13.517914118245,0,0,0,13.5179141182444,7.95751020959467e-13,-2.52497920112139e-13,6.61309271539571e-14
1419447600,29.3072257934675,0,0,0,-13.8426284801543,67.5999999999961,-22.2066740697949,-2.24347165657945
1419451200,66.8255095540575,0,0,0,-2.87731942241274,117.086634591655,-42.8999999999994,-4.48380561518535
1419454800,59.621650542638,0,0,0,-8.19071906535765,135.2,-60.6697618258058,-6.71786856619856
1419458400,30.0270455702591,0,0,0,-3.81207340612008,117.086634591655,-74.3049796447052,-8.94253597057054
1419462000,-32.9189445485698,0,0,0,-6.48781222319588,67.6000000000026,-82.8764358956018,-11.1546964297747
1419465600,-88.0251147896784,0,0,0,11.126141247692,8.34701710186773e-12,-85.8,-13.3512560373787
1419469200,-161.599982987225,0,0,0,4.40559561452961,-67.6000000000014,-82.8764358956019,-15.5291427061513
1419472800,-225.480705247739,0,0,0,-16.4037805467246,-117.086634591654,-74.3049796447054,-17.6853104646543
1419476400,-214.567325375313,0,0,0,1.1191801678025,-135.2,-60.6697618258061,-19.8167437173098
1419480000,-218.954698149092,0,0,0,-37.047602095447,-117.08663459166,-42.9000000000019,-21.9204614619835
1419483600,-112.518898135651,0,0,0,1.2812973933256,-67.5999999999972,-22.2066740697953,-23.9935214591844
1419487200,-24.0320278533327,0,0,0,2.00099649372351,-2.11932476473244e-12,-6.72478050347795e-13,-26.0330243470534
1419490800,62.9886134374112,0,0,0,1.21805706400728,67.5999999999935,22.206674069794,-28.0361176963836
1419494400,134.309574764121,0,0,0,4.32294017246328,117.086634591657,42.9000000000007,-30.0000000000001
1419498000,155.527049516618,0,0,0,-8.42078771826669,135.2,60.6697618258051,-31.9219245909203
1419501600,156.700014548715,0,0,0,-0.892396203828848,117.086634591656,74.3049796447048,-33.7992034838172
1419505200,121.078442340663,0,0,0,6.23121757946669,67.6000000000051,82.8764358956016,-35.62921113441
1419508800,53.8483502497426,0,0,0,5.4577383612707,-4.10836757240285e-12,85.8,-37.409388111524
1419512400,-16.5751584479668,0,0,0,7.28565033311722,-67.5999999999989,82.8764358956022,-39.1372446766873
1419516000,-81.3445011347543,0,0,0,2.24751807844765,-117.086634591653,74.3049796447059,-40.810364266255
1419519600,-105.59951287018,0,0,0,11.3571321752064,-135.2,60.6697618258068,-42.4264068711927
1419523200,-114.412006351514,0,0,0,3.75774054993205,-117.086634591657,42.9000000000006,-43.9831123097896
1419526800,-85.2514973387486,0,0,0,5.62013198018203,-67.5999999999997,22.2066740697962,-45.4783033887271
1419530400,-50.2994146893304,0,0,0,-3.38952574124522,-5.03440055042435e-12,1.59745402080773e-12,-46.9098889480818
1419534000,-1.89013497649938,0,0,0,0.992405879294289,67.6000000000043,-22.2066740697978,-48.2758667860002
1419537600,27.4859625316867,0,0,0,2.8736543989903,117.086634591656,-42.8999999999999,-49.5743264589596
1419541200,27.2593224100243,0,0,0,3.53253618952573,135.2,-60.6697618258045,-50.803451953697
1419544800,-18.7287102814923,0,0,0,-9.54884100137962,117.086634591658,-74.3049796447043,-51.9615242270662
1419548400,-56.7681550923125,0,0,0,11.5552044135651,67.600000000001,-82.876435895602,-53.0469236102766
1419552000,-137.211911978076,0,0,0,2.64622009607001,-1.19329178671093e-12,-85.8,-54.0581320741452
1419555600,-209.068804182295,0,0,0,-3.59863293449759,-67.5999999999964,-82.8764358956024,-54.9937353521985
1419559200,-246.805730774353,0,0,0,0.438308380656878,-117.086634591651,-74.3049796447063,-55.8524249186522
1419562800,-237.388208419957,0,0,0,15.1145532243507,-135.2,-60.6697618258057,-56.6329998185021
1419566400,-222.051732784869,0,0,0,-4.73072984604062,-117.086634591659,-42.9000000000014,-57.3343683471684
1419570000,-157.533981731655,0,0,0,-9.77175808451146,-67.6000000000022,-22.2066740697971,-57.955549577344
1419573600,-72.0957524021791,0,0,0,-13.6000776712694,-2.64246106135022e-13,-8.38473221389972e-14,-58.4956747309094
1419577200,34.270589385735,0,0,0,3.41790370993357,67.6000000000018,22.2066740697969,-58.9539883939973
1419580800,105.028228627117,0,0,0,4.37144360897075,117.086634591654,42.8999999999991,-59.3298495735077
1419584400,134.558734900048,0,0,0,-1.68829433216094,135.2,60.6697618258038,-59.6227325935945
1419588000,133.46860737845,0,0,0,1.90922097296023,117.086634591655,74.3049796447051,-59.8322278308708
1419591600,83.2567790319996,0,0,0,-7.26161457630171,67.6000000000035,82.8764358956017,-59.9580422873039
1419595200,9.22927866905437,0,0,0,-16.5707213309474,1.72178399898098e-12,85.8,-60
1419598800,-47.8168643909911,0,0,0,-3.13525799929594,-67.5999999999939,82.8764358956027,-59.9580422873039
1419602400,-105.533913944227,0,0,0,-2.92003116640263,-117.086634591658,74.3049796447044,-59.8322278308708
1419606000,-152.097339495288,0,0,0,-17.9443687274997,-135.2,60.6697618258063,-59.6227325935946
1419609600,-134.985824734332,0,0,0,-1.46934056916668,-117.08663459166,42.9000000000022,-59.3298495735078
1419613200,-105.747932958961,0,0,0,-1.40061863476133,-67.5999999999981,22.2066740697956,-58.9539883939973
1419616800,-54.8518194898681,0,0,0,3.64385524104353,-3.17932189182693e-12,1.00882329259893e-12,-58.4956747309094
1419620400,-13.1663182310399,0,0,0,-0.604094583899037,67.5999999999993,-22.206674069796,-57.9555495773441
1419624000,17.1990580208213,0,0,0,0.346791776335066,117.086634591653,-42.8999999999983,-57.3343683471685
1419627600,12.1388537132373,0,0,0,-5.75838464245404,135.2,-60.6697618258066,-56.632999818502
1419631200,-18.952536277525,0,0,0,-5.881766305825,117.086634591657,-74.3049796447046,-55.8524249186523
1419634800,-82.5340572691106,0,0,0,-12.2638860213165,67.600000000006,-82.8764358956015,-54.9937353521986
1419638400,-143.84123626472,0,0,0,-3.98310419057931,4.63685978467289e-12,-85.8,-54.0581320741452
1419642000,-206.326355426924,0,0,0,-2.80299592104721,-67.599999999998,-82.8764358956023,-53.0469236102766
1419645600,-244.329970960371,0,0,0,-0.976832496943348,-117.086634591656,-74.3049796447048,-51.9615242270663
1419649200,-251.127075577716,0,0,0,-4.45386179821219,-135.2,-60.669761825807,-50.8034519536972
1419652800,-228.10706468408,0,0,0,-18.5461036334677,-117.086634591654,-42.8999999999987,-49.5743264589597
1419656400,-135.80890032203,0,0,0,2.27364053376745,-67.6000000000006,-22.2066740697965,-48.2758667860001
1419660000,-48.7892676096027,0,0,0,-1.87937866151281,-6.09439767751884e-12,-1.93379926305886e-12,-46.9098889480818
1419663600,30.2877060060954,0,0,0,-14.0406646749691,67.5999999999967,22.2066740697951,-45.4783033887274
1419667200,110.868880670876,0,0,0,-5.13464161098974,117.086634591655,42.8999999999996,-43.9831123097895
1419670800,151.575399813337,0,0,0,-1.86795514127583,135.2,60.669761825806,-42.4264068711929
1419674400,166.341845599866,0,0,0,15.7605956297588,117.086634591658,74.3049796447041,-40.8103642662553
1419678000,104.626499547869,0,0,0,-6.71269167105388,67.6000000000085,82.8764358956013,-39.1372446766874
1419681600,55.1544355096405,0,0,0,6.76382362116456,-1.33294659616445e-13,85.8,-37.409388111524
1419685200,-28.4733802343091,0,0,0,-8.12060499550604,-67.5999999999955,82.8764358956025,-35.6292111344101
1419688800,-59.6094340356804,0,0,0,16.9714243950864,-117.086634591655,74.3049796447053,-33.7992034838175
1419692400,-74.8600403527323,0,0,0,31.592122412382,-135.2,60.6697618258059,-31.9219245909202
1419696000,-106.541718753243,0,0,0,-2.35508416158714,-117.086634591655,42.8999999999995,-30
1419699600,-76.5374645980547,0,0,0,-3.1080209714652,-67.6000000000032,22.2066740697974,-28.0361176963838
1419703200,-18.3452563811984,0,0,0,7.68776796586147,-9.00947346321076e-12,2.8587752335188e-12,-26.0330243470537
1419706800,29.6410129716538,0,0,0,8.24120850063385,67.6000000000009,-22.2066740697966,-23.9935214591843
1419710400,50.7652259343758,0,0,0,-1.50094719529551,117.086634591654,-42.8999999999988,-21.9204614619838
1419714000,61.2695417269387,0,0,0,6.5560472700542,135.2,-60.6697618258053,-19.8167437173101
1419717600,16.0330257806516,0,0,0,-9.06331870164528,117.086634591656,-74.3049796447049,-17.6853104646542
1419721200,-17.808071189393,0,0,0,12.9975074123627,67.5999999999978,-82.8764358956023,-15.5291427061512
1419724800,-102.38477079748,0,0,0,-3.23351476010393,2.78178112607547e-12,-85.8,-13.351256037379
1419728400,-172.175108086169,0,0,0,-10.5439757607986,-67.599999999993,-82.8764358956027,-11.1546964297751
1419732000,-205.350637516757,0,0,0,-5.01648730982485,-117.086634591657,-74.3049796447046,-8.94253597057047
1419735600,-201.97800828107,0,0,0,0.609622110934906,-135.2,-60.6697618258066,-6.71786856619849
1419739200,-190.108150301294,0,0,0,-25.637710094451,-117.086634591657,-42.9000000000003,-4.48380561518549
1419742800,-87.9324793970626,0,0,0,4.11766632932117,-67.6000000000057,-22.2066740697983,-2.24347165657981
1419746400,-8.95932777496938,0,0,0,-8.95932777497385,3.44591121105982e-12,1.0934141342786e-12,-7.34788079488412e-14
1419750000,91.5758725747095,0,0,0,-0.474273151663936,67.5999999999983,22.2066740697957,2.24347165657945
1419753600,152.757903974082,0,0,0,-11.7125362327538,117.086634591652,42.899999999998,4.48380561518535
1419757200,222.632995011337,0,0,0,20.0453646193323,135.2,60.6697618258064,6.71786856619856
1419760800,195.320943697831,0,0,0,-5.01320650910148,117.086634591657,74.3049796447044,8.94253597057054
1419764400,174.970206639815,0,0,0,13.3390743144379,67.6000000000003,82.876435895602,11.1546964297747
1419768000,107.084886101388,0,0,0,7.93363006400356,5.69685691176738e-12,85.8,13.3512560373787
1419771600,18.6610726724334,0,0,0,-12.1445059293158,-67.6000000000037,82.8764358956017,15.5291427061513
1419775200,-24.0126799691868,0,0,0,1.08366451310953,-117.086634591656,74.304979644705,17.6853104646543
1419778800,-46.9933068174156,0,0,0,7.72018763946715,-135.2,60.6697618258072,19.81674371731
1419782400,-46.0750996668049,0,0,0,6.19107346286872,-117.086634591658,42.9000000000011,21.9204614619835
1419786000,-12.4622499023878,0,0,0,8.93755456863257,-67.6000000000016,22.2066740697968,23.9935214591844
1419789600,31.5608901471118,0,0,0,5.52786580005803,5.30835425367912e-13,-1.68438163818664e-13,26.0330243470534
1419793200,64.5025303338994,0,0,0,-8.92691329268528,67.5999999999958,-22.2066740697948,28.0361176963836
1419796800,107.038198389452,0,0,0,2.85156379779419,117.086634591659,-42.9000000000014,30.0000000000001
1419800400,108.690804063988,0,0,0,2.23864129887302,135.2,-60.6697618258057,31.9219245909203
1419804000,80.8257976844189,0,0,0,4.24493925364663,117.086634591659,-74.304979644704,33.7992034838174
1419807600,20.1036005190228,0,0,0,-0.249174719788188,67.6000000000028,-82.8764358956018,35.62921113441
1419811200,-38.6586503330908,0,0,0,9.73196155538428,9.26702467478044e-13,-85.8,37.409388111524
1419814800,-110.599311496061,0,0,0,0.739879722854734,-67.6000000000012,-82.876435895602,39.1372446766871
1419818400,-132.055211616419,0,0,0,18.5260383536856,-117.086634591654,-74.3049796447055,40.8103642662552
1419822000,-148.962692316039,0,0,0,4.48066263857632,-135.2,-60.6697618258079,42.4264068711927
1419825600,-111.689432521552,0,0,0,4.31408976031361,-117.086634591656,-42.8999999999998,43.9831123097895
1419829200,-55.1778156296629,0,0,0,-10.8494449485881,-67.6000000000041,-22.2066740697977,45.478303388727
1419832800,56.7467472148804,0,0,0,9.83685826680182,-2.384240360324e-12,-7.56537806641269e-13,46.9098889480817
1419836400,126.613337083432,0,0,0,-11.4692037723639,67.6,22.2066740697963,48.2758667860002
1419840000,209.547881680552,0,0,0,-0.0130793700658673,117.086634591657,42.9000000000006,49.5743264589596
1419843600,243.199373018845,0,0,0,-3.47384076065757,135.2,60.6697618258051,50.8034519536971
1419847200,242.107785528529,0,0,0,-1.24535293490085,117.08663459166,74.3049796447035,51.9615242270662
1419850800,194.199028281289,0,0,0,-9.32433122458863,67.5999999999987,82.8764358956022,53.0469236102766
1419854400,145.442568732587,0,0,0,5.58443665843842,3.84177825316996e-12,85.8,54.0581320741451
1419858000,92.030654249535,0,0,0,21.7604830017329,-67.5999999999987,82.8764358956022,54.9937353521986
1419861600,2.74160206554376,0,0,0,-10.3291679061617,-117.086634591653,74.3049796447059,55.8524249186522
1419865200,-20.4010722275995,0,0,0,-2.50383387190667,-135.2,60.6697618258051,56.6329998185021
1419868800,-18.2533825580438,0,0,0,-1.40111631355552,-117.086634591657,42.9000000000006,57.3343683471684
1419872400,8.62272449972947,0,0,0,-3.93949914740662,-67.6000000000066,22.2066740697986,57.9555495773441
1419876000,65.0787836619592,0,0,0,6.58310893104816,2.38591408396533e-12,-7.57068892027462e-13,58.4956747309094
1419879600,92.4694489203547,0,0,0,-11.8778654038446,67.5999999999974,-22.2066740697954,58.9539883939973
1419883200,120.119668840088,0,0,0,-13.3968153250757,117.086634591656,-42.8999999999998,59.3298495735077
1419886800,123.503363132724,0,0,0,-10.6496076350659,135.2,-60.6697618258044,59.6227325935945
1419890400,87.0085186878739,0,0,0,-15.6053640899456,117.086634591654,-74.3049796447055,59.8322278308708
1419894000,58.3534215448573,0,0,0,13.6718151531541,67.6000000000012,-82.876435895602,59.9580422873039
1419897600,-25.1928824225079,0,0,0,0.607117577485349,6.75685403886187e-12,-85.8,60
1419901200,-84.6732634334619,0,0,0,5.84513017483279,-67.5999999999962,-82.8764358956024,59.9580422873039
1419904800,-110.022562009205,0,0,0,21.5368243962848,-117.086634591655,-74.3049796447052,59.8322278308708
1419908400,-146.456881889271,0,0,0,-10.2098526570603,-135.2,-60.6697618258057,59.6227325935946
1419912000,-113.531738654902,0,0,0,-12.8749536367491,-117.086634591659,-42.9000000000014,59.3298495735077
1419915600,-26.7575207506009,0,0,0,4.09516492519247,-67.5999999999958,-22.2066740697948,58.9539883939973
1419919200,71.5709810612189,0,0,0,13.0753063303102,-5.29161701726577e-13,-1.67907078432472e-13,58.4956747309094
1419922800,135.171474703556,0,0,0,-12.5907489435779,67.5999999999949,22.2066740697945,57.9555495773442
1419926400,214.301438596394,0,0,0,-3.0195643424275,117.086634591654,42.899999999999,57.3343683471685
1419930000,253.845342678597,0,0,0,1.34258103428955,135.2,60.6697618258055,56.632999818502
1419933600,241.747114116761,0,0,0,-5.49692503825225,117.086634591656,74.304979644705,55.8524249186523
1419937200,218.858256428738,0,0,0,13.3880851809343,67.6000000000037,82.8764358956017,54.9937353521985
1419940800,149.511704848161,0,0,0,9.65357277400603,9.67192982455378e-12,85.8,54.0581320741452
1419944400,53.0340232347244,0,0,0,-15.2893362711539,-67.6000000000003,82.876435895602,53.0469236102766
1419948000,10.9184937468762,0,0,0,1.73862446675779,-117.086634591654,74.3049796447056,51.9615242270664
1419951600,-11.7729721629421,0,0,0,11.9538140575544,-135.2,60.6697618258064,50.8034519536971
1419955200,-19.0548256113468,0,0,0,5.5574825213498,-117.086634591656,42.9000000000001,49.5743264589596
1419958800,-8.19873058452716,0,0,0,-11.0812714403247,-67.5999999999983,22.2066740697957,48.2758667860001
1419962400,54.5500386848027,0,0,0,7.64014973672309,-3.44423748741849e-12,1.09288304889240e-12,46.909888948082
1419966000,108.003748466612,0,0,0,17.1321191476856,67.5999999999924,-22.2066740697936,45.4783033887272
1419969600,111.187965116002,0,0,0,-6.98178178544351,117.086634591657,-42.9000000000003,43.9831123097895
1419973200,121.649951000961,0,0,0,4.6933059555728,135.2,-60.6697618258048,42.4264068711929
1419976800,90.1640182785339,0,0,0,6.57199906532627,117.086634591657,-74.3049796447046,40.8103642662551
1419980400,31.2160466312832,0,0,0,7.35523785019099,67.6000000000063,-82.8764358956015,39.1372446766874
1419984000,-49.3469492420823,0,0,0,-0.956337353603492,-2.7834548497168e-12,-85.8,37.409388111524
1419987600,-125.50278158061,0,0,0,-10.6555568194199,-67.5999999999978,-82.8764358956023,35.6292111344103
1419991200,-140.629693908827,0,0,0,16.9627168437143,-117.086634591652,-74.3049796447061,33.7992034838173
1419994800,-168.414302693638,0,0,0,-4.46646545875265,-135.2,-60.6697618258053,31.92192459092
1419998400,-131.061697234788,0,0,0,-1.07506264312923,-117.086634591658,-42.9000000000009,30
1420002000,-72.5333632460132,0,0,0,-10.7628068725997,-67.6000000000009,-22.2066740697966,28.036117696384
1420005600,24.2733639004626,0,0,0,-1.75966044658259,-6.3593132731104e-12,-2.01785901935234e-12,26.0330243470536
1420009200,95.6797969729788,0,0,0,-18.1203985560061,67.6000000000032,22.2066740697974,23.9935214591844
1420012800,178.072827469506,0,0,0,-3.83426858413307,117.086634591655,42.8999999999995,21.9204614619838
1420016400,215.658673574296,0,0,0,-0.0278319688186297,135.2,60.6697618258042,19.8167437173104
1420020000,211.922454982073,0,0,0,2.84553028105643,117.086634591658,74.3049796447041,17.6853104646544
1420023600,173.724655387647,0,0,0,7.7190767858913,67.6000000000021,82.8764358956019,15.5291427061512
1420027200,92.4356808473257,0,0,0,-6.71557519005345,1.3162093597511e-13,85.8,13.351256037379
1420030800,35.7922681345527,0,0,0,9.3611358091706,-67.5999999999952,82.8764358956025,11.1546964297749
1420034400,-33.9368087336004,0,0,0,-0.097689757216421,-117.086634591658,74.3049796447041,8.94253597057027
1420038000,-53.2650902348559,0,0,0,14.5472793731396,-135.2,60.669761825806,6.7178685661985
1420041600,-82.6343230811383,0,0,0,-12.9314941046665,-117.086634591659,42.9000000000017,4.48380561518571
1420045200,-44.7194376201983,0,0,0,-1.56958334657194,-67.6000000000034,22.2066740697975,2.2434716565796
1420048800,-12.2541572273841,0,0,0,-12.2541572273829,-1.58915882882107e-12,5.04252320683608e-13,-1.32336131984305e-13
1420052400,30.0694219983611,0,0,0,-13.0804322752636,67.6000000000006,-22.2066740697965,-2.24347165657944
1420056000,58.8218124617242,0,0,0,-10.8810165147457,117.086634591654,-42.8999999999987,-4.48380561518513
1420059600,61.6691157744316,0,0,0,-6.1432538335666,135.2,-60.6697618258035,-6.71786856619834
1420063200,42.8753976608933,0,0,0,9.03627868451257,117.086634591656,-74.3049796447049,-8.94253597057053
1420066800,-11.7779799210528,0,0,0,14.6531524043189,67.6000000000047,-82.8764358956016,-11.1546964297747
1420070400,-89.2442996894935,0,0,0,9.90695634788234,3.04669672166702e-12,-85.8,-13.3512560373789
1420074000,-173.873011429449,0,0,0,-7.86743282769559,-67.5999999999994,-82.8764358956021,-15.5291427061515
1420077600,-205.885650530183,0,0,0,3.19127417083232,-117.086634591657,-74.3049796447046,-17.6853104646542
1420081200,-209.505990301546,0,0,0,6.18051524157064,-135.2,-60.6697618258066,-19.8167437173098
1420084800,-183.850007178859,0,0,0,-1.94291112521174,-117.086634591661,-42.9000000000025,-21.9204614619837
1420088400,-97.5843596748492,0,0,0,16.2158358541307,-67.5999999999993,-22.206674069796,-23.9935214591846
1420092000,-27.8312371238718,0,0,0,-1.79821277681244,-4.50423461451298e-12,-1.42922829114354e-12,-26.0330243470534
1420095600,55.8251473901932,0,0,0,-5.94540898321711,67.5999999999981,22.2066740697956,-28.0361176963834
1420099200,127.908615749142,0,0,0,-2.07801884250856,117.086634591652,42.8999999999979,-29.9999999999999
1420102800,165.177917023945,0,0,0,1.23007978905861,135.2,60.6697618258063,-31.9219245909203
1420106400,149.934514943451,0,0,0,-7.65789580909425,117.086634591658,74.3049796447044,-33.7992034838172
1420110000,99.0531024671496,0,0,0,-15.7941222940491,67.6000000000072,82.8764358956014,-35.6292111344098
1420113600,51.0231960382341,0,0,0,2.63258414975997,-1.72345772262231e-12,85.8,-37.4093881115242
1420117200,-23.845466795388,0,0,0,0.0153419856937454,-67.5999999999969,82.8764358956024,-39.1372446766873
1420120800,-85.8213019203186,0,0,0,-2.22928270711321,-117.086634591655,74.3049796447051,-40.810364266255
1420124400,-113.024568407735,0,0,0,3.93207663765021,-135.2,60.6697618258073,-42.4264068711928
1420128000,-123.633028608672,0,0,0,-5.46328170722692,-117.086634591654,42.8999999999991,-43.9831123097897
1420131600,-96.9158940548259,0,0,0,-6.04426473589392,-67.6000000000018,22.2066740697969,-45.4783033887271
1420135200,-37.2199094413472,0,0,0,9.68997950673945,-7.41931040020489e-12,2.35420426160347e-12,-46.9098889480816
1420138800,4.07056066176831,0,0,0,6.95310151756748,67.5999999999956,-22.2066740697947,-48.275866786
1420142400,35.7146190604948,0,0,0,11.1023109277991,117.086634591655,-42.8999999999992,-49.5743264589597
1420146000,11.4835576264596,0,0,0,-12.2432285940378,135.2,-60.6697618258057,-50.803451953697
1420149600,3.59472255002264,0,0,0,12.7745918301337,117.086634591659,-74.3049796447039,-51.9615242270661
1420153200,-59.9898702319215,0,0,0,8.33348927396127,67.5999999999964,-82.8764358956024,-53.0469236102767
1420156800,-133.86318879593,0,0,0,5.99494327821359,1.1916180630696e-12,-85.8,-54.0581320741452
1420160400,-192.445476392779,0,0,0,13.0246948550168,-67.5999999999943,-82.8764358956026,-54.9937353521985
1420164000,-254.654743370912,0,0,0,-7.41070421590072,-117.086634591654,-74.3049796447055,-55.8524249186522
1420167600,-265.634718161835,0,0,0,-13.1319565175266,-135.2,-60.6697618258062,-56.6329998185021
1420171200,-205.895226282219,0,0,0,11.4257766566055,-117.086634591656,-42.8999999999999,-57.3343683471684
1420174800,-152.006185717109,0,0,0,-4.24396206996258,-67.6000000000043,-22.2066740697978,-57.955549577344
1420178400,-57.6430916939941,0,0,0,0.852583036928942,-1.03343861858968e-11,-3.27918023206341e-12,-58.4956747309094
1420182000,29.8628062368079,0,0,0,-0.989879438990736,67.5999999999997,22.2066740697962,-58.9539883939973
1420185600,99.0788062705332,0,0,0,-1.57797874761083,117.086634591653,42.8999999999984,-59.3298495735077
1420189200,115.716194218911,0,0,0,-20.5308350132997,135.2,60.669761825805,-59.6227325935945
1420192800,128.364736215634,0,0,0,-3.19465018985644,117.086634591657,74.3049796447047,-59.8322278308708
1420196400,89.7245567556982,0,0,0,-0.793836852598903,67.5999999999989,82.8764358956022,-59.9580422873039
1420200000,12.1916218606366,0,0,0,-13.6083781393675,4.10669384876151e-12,85.8,-60
1420203600,-30.7746977000635,0,0,0,13.9069086916294,-67.5999999999918,82.8764358956028,-59.9580422873039
1420207200,-114.473732727591,0,0,0,-11.8598499497682,-117.086634591656,74.3049796447048,-59.8322278308708
1420210800,-124.537884459676,0,0,0,9.61508630811181,-135.2,60.6697618258069,-59.6227325935946
1420214400,-129.866104730995,0,0,0,3.65037943416966,-117.086634591657,42.9000000000007,-59.3298495735078
1420218000,-104.41058722236,0,0,0,-0.0632728981586031,-67.6000000000002,22.2066740697963,-58.9539883939973
1420221600,-47.5695823398846,0,0,0,10.9260923910234,2.12099848837378e-12,-6.73009135733987e-13,-58.4956747309094
1420225200,-0.24141593058202,0,0,0,12.3208077165602,67.5999999999972,-22.2066740697953,-57.9555495773441
1420228800,7.27815498655141,0,0,0,-9.57411125793422,117.086634591652,-42.8999999999976,-57.3343683471685
1420232400,16.9604595180547,0,0,0,-0.936778837637125,135.2,-60.6697618258061,-56.6329998185021
1420236000,-14.9255987766013,0,0,0,-1.85482880490294,117.086634591658,-74.3049796447042,-55.8524249186522
1420239600,-60.4941195508441,0,0,0,9.77605169695505,67.6000000000014,-82.8764358956019,-54.9937353521986
1420243200,-133.11144728319,0,0,0,6.74668479094882,7.02176963445342e-12,-85.8,-54.0581320741453
1420246800,-210.656234193148,0,0,0,-7.13287468727326,-67.5999999999959,-82.8764358956025,-53.0469236102765
1420250400,-247.017257906647,0,0,0,-3.66411944322055,-117.086634591655,-74.3049796447052,-51.9615242270663
1420254000,-236.396004942262,0,0,0,10.2772088372412,-135.2,-60.6697618258058,-50.8034519536972
1420257600,-202.301067722554,0,0,0,7.25989332805977,-117.086634591655,-42.8999999999994,-49.5743264589597
1420261200,-132.058307104628,0,0,0,6.02423375116251,-67.5999999999961,-22.2066740697949,-48.275866786
1420264800,-32.6067985196903,0,0,0,14.3030904284028,-8.47930752729938e-12,-2.69054950385461e-12,-46.9098889480818
1420268400,63.7640457669692,0,0,0,19.4356750859075,67.5999999999947,22.2066740697944,-45.4783033887274
1420272000,111.622956916065,0,0,0,-4.3805653657981,117.086634591654,42.899999999999,-43.9831123097897
1420275600,144.176050070074,0,0,0,-9.2673048845385,135.2,60.6697618258054,-42.4264068711928
1420279200,131.472603929646,0,0,0,-19.1086460404595,117.086634591656,74.304979644705,-40.8103642662553
1420282800,113.331488249258,0,0,0,1.99229703033377,67.6000000000106,82.8764358956011,-39.1372446766876
1420286400,63.5438241424786,0,0,0,15.1532122540082,-5.43361503981716e-12,85.8,-37.4093881115242
1420290000,-23.2459139278695,0,0,0,-2.89313868906867,-67.5999999999934,82.8764358956027,-35.6292111344101
1420293600,-80.5458660241265,0,0,0,-3.96500759336117,-117.086634591653,74.3049796447057,-33.7992034838175
1420297200,-91.341327317831,0,0,0,15.1108354472828,-135.2,60.6697618258065,-31.9219245909202
1420300800,-102.626323773177,0,0,0,1.56031081847866,-117.086634591656,42.9000000000002,-29.9999999999999
1420304400,-60.4320948401907,0,0,0,12.9973487863959,-67.5999999999986,22.2066740697958,-28.0361176963838
1420308000,-31.8815952074468,0,0,0,-5.8485708603853,-1.13943833129913e-11,3.61552547431454e-12,-26.0330243470538
1420311600,-257.179797494572,1,0,0,14.6025369378439,67.6000000000055,-22.2066740697982,-23.9935214591846
1420315200,63.9430003092671,0,0,0,11.6768271795962,117.086634591653,-42.8999999999982,-21.9204614619836
1420318800,43.8176198797631,0,0,0,-10.895874577122,135.2,-60.6697618258048,-19.8167437173102
1420322400,35.4819764127492,0,0,0,10.3856319304512,117.086634591657,-74.3049796447045,-17.6853104646546
1420326000,-30.0208959505808,0,0,0,0.784682651172863,67.5999999999998,-82.8764358956021,-15.5291427061514
1420329600,-99.8793671887673,0,0,0,-0.728111151385972,-2.51853925412525e-12,-85.8,-13.3512560373788
1420333200,-155.090872312009,0,0,0,6.54026001336003,-67.5999999999909,-82.8764358956029,-11.1546964297751
1420336800,-186.506202074933,0,0,0,13.8279481320012,-117.08663459166,-74.3049796447037,-8.94253597057048
1420340400,-207.689580601583,0,0,0,-5.10195020957745,-135.2,-60.6697618258071,-6.71786856619829
1420344000,-152.489867479767,0,0,0,11.9805727270778,-117.086634591658,-42.900000000001,-4.48380561518551
1420347600,-104.74825384565,0,0,0,-12.6981081192728,-67.6000000000011,-22.2066740697967,-2.24347165657982
1420351200,2.70137094462929,0,0,0,2.70137094462798,1.06100136127929e-12,3.36663893482852e-13,-8.81745695386094e-14
1420354800,97.1866658087135,0,0,0,5.13652008233355,67.6000000000029,22.2066740697973,2.24347165657964
1420358400,163.895272792788,0,0,0,-0.575167414045482,117.086634591651,42.8999999999973,4.48380561518533
1420362000,207.527606933713,0,0,0,4.93997654171119,135.2,60.6697618258041,6.71786856619812
1420365600,194.188042898186,0,0,0,-6.14610730874656,117.086634591659,74.304979644704,8.94253597057031
1420369200,143.251868748482,0,0,0,-18.3792635768975,67.6000000000024,82.8764358956018,11.1546964297749
1420372800,93.7143080487511,0,0,0,-5.43694798862793,3.96536531566666e-13,85.8,13.3512560373787
1420376400,36.8627935059278,0,0,0,6.05721490417632,-67.6000000000017,82.8764358956019,15.5291427061512
1420380000,-48.8015697418461,0,0,0,-23.705225259546,-117.086634591658,74.3049796447042,17.685310464654
1420383600,-33.5570005135615,0,0,0,21.1564939433208,-135.2,60.6697618258078,19.81674371731
1420387200,-51.7799836536744,0,0,0,0.486189475999764,-117.086634591659,42.9000000000018,21.9204614619835
1420390800,-18.6433410236869,0,0,0,2.75646344733473,-67.6000000000036,22.2066740697976,23.9935214591844
1420394400,20.5305303025,0,0,0,-5.50249404455238,-1.85407442441262e-12,5.88312076977082e-13,26.0330243470536
1420398000,64.5529288816912,0,0,0,-8.8765147448964,67.6000000000004,-22.2066740697964,28.0361176963836
1420401600,95.0739738316793,0,0,0,-9.11266075997366,117.08663459165,-42.8999999999965,29.9999999999997
1420405200,101.054490020387,0,0,0,-5.39767274472664,135.2,-60.6697618258069,31.9219245909201
1420408800,82.8695561439684,0,0,0,6.28869771319457,117.08663459166,-74.3049796447036,33.7992034838174
1420412400,35.893772328645,0,0,0,15.5409970898318,67.6000000000049,-82.8764358956016,35.62921113441
1420416000,-68.0148826047427,0,0,0,-19.62427071627,3.31161231725858e-12,-85.8,37.409388111524
1420419600,-119.479337932122,0,0,0,-8.140146713208,-67.5999999999991,-82.8764358956021,39.1372446766871
1420423200,-154.245699735002,0,0,0,-3.66444976489552,-117.086634591657,-74.3049796447046,40.8103642662552
1420426800,-160.217161761465,0,0,0,-6.77380680684876,-135.2,-60.6697618258084,42.4264068711927
1420430400,-106.38572724127,0,0,0,9.61779504059164,-117.086634591653,-42.8999999999984,43.9831123097895
1420434000,-57.0552183104408,0,0,0,-12.7268476293635,-67.6000000000061,-22.2066740697985,45.4783033887273
1420437600,55.0283933018348,0,0,0,8.11850435375939,-4.76915021010453e-12,-1.51328804743702e-12,46.9098889480817
1420441200,146.980855934134,0,0,0,8.89831507834091,67.5999999999979,22.2066740697955,48.2758667859999
1420444800,189.680752071444,0,0,0,-19.8802089791713,117.086634591656,42.9,49.5743264589596
1420448400,245.942215203395,0,0,0,-0.730998576108228,135.2,60.6697618258063,50.8034519536971
1420452000,228.930061656781,0,0,0,-14.4230768066498,117.086634591662,74.3049796447031,51.9615242270662
1420455600,200.590272579377,0,0,0,-2.93308692649621,67.5999999999941,82.8764358956026,53.0469236102766
1420459200,147.079476897139,0,0,0,7.22134482298744,6.22668810295049e-12,85.8,54.0581320741451
1420462800,53.0658238565827,0,0,0,-17.2043473912216,-67.5999999999966,82.8764358956024,54.9937353521986
1420466400,17.7333529239542,0,0,0,4.66258295225226,-117.086634591655,74.3049796447051,55.8524249186522
1420470000,-17.5134419357125,0,0,0,0.383796419979845,-135.2,60.6697618258056,56.632999818502
1420473600,-11.9541430864651,0,0,0,4.89812315802192,-117.086634591655,42.8999999999992,57.3343683471684
1420477200,0.854005527666637,0,0,0,-11.7082181194681,-67.6000000000087,22.2066740697993,57.9555495773441
1420480800,57.8985111906365,0,0,0,-0.59716354026764,-7.68422599579644e-12,2.43826401789695e-12,58.4956747309094
1420484400,104.008772838098,0,0,0,-0.338541486099864,67.5999999999954,-22.2066740697946,58.9539883939973
1420488000,137.079754971331,0,0,0,3.56327080616784,117.086634591655,-42.8999999999992,59.3298495735077
1420491600,130.579378056856,0,0,0,-3.5735927109325,135.2,-60.6697618258056,59.6227325935945
1420495200,83.0497929845126,0,0,0,-19.5640897933084,117.086634591655,-74.3049796447051,59.8322278308708
1420498800,52.0044963872055,0,0,0,7.3228899955074,67.5999999999966,-82.8764358956024,59.9580422873039
1420502400,-25.1019346145399,0,0,0,0.698065385451002,9.1417638886424e-12,-85.8,60
1420506000,-95.6649473032856,0,0,0,-5.14655369499273,-67.5999999999941,-82.8764358956026,59.9580422873039
1420509600,-134.095699506189,0,0,0,-2.53631310070077,-117.086634591654,-74.3049796447056,59.8322278308708
1420513200,-141.9219128116,0,0,0,-5.67488357938848,-135.2,-60.6697618258063,59.6227325935946
1420516800,-90.0354458690082,0,0,0,10.6213391491401,-117.086634591656,-42.9,59.3298495735077
1420520400,-20.9627547594141,0,0,0,9.88993091639998,-67.6000000000112,-22.2066740698002,58.9539883939973
1420524000,41.9353986418231,0,0,0,-16.5602760890927,4.77115867847413e-12,1.51392534990045e-12,58.4956747309094
1420527600,135.054366374862,0,0,0,-12.7078572722683,67.5999999999928,22.2066740697937,57.9555495773441
1420531200,227.369224810509,0,0,0,10.0482218716891,117.086634591653,42.8999999999984,57.3343683471685
1420534800,261.20081116625,0,0,0,8.6980495219425,135.2,60.669761825805,56.632999818502
1420538400,235.809321921282,0,0,0,-11.4347172337319,117.086634591657,74.3049796447046,55.8524249186523
1420542000,202.90439846348,0,0,0,-2.56577278431936,67.5999999999991,82.8764358956021,54.9937353521986
1420545600,147.662026483221,0,0,0,7.8038944090638,1.20568396743343e-11,85.8,54.0581320741452
1420549200,66.1961536979447,0,0,0,-2.12720580792858,-67.6000000000049,82.8764358956016,53.0469236102766
1420552800,11.788833090765,0,0,0,2.60896381064498,-117.086634591652,74.304979644706,51.9615242270664
1420556400,-16.968434894193,0,0,0,6.75835132630304,-135.2,60.6697618258069,50.8034519536971
1420560000,-25.6904852046699,0,0,0,-1.07817707197298,-117.086634591658,42.9000000000008,49.5743264589598
1420563600,25.9842026580819,0,0,0,23.1016618022858,-67.6000000000004,22.2066740697964,48.2758667860001
1420567200,67.2226278629702,0,0,0,20.3127389148869,1.85608289278222e-12,-5.88949379440513e-13,46.909888948082
1420570800,102.487815510208,0,0,0,11.6161861912836,67.5999999999903,-22.2066740697929,45.4783033887273
1420574400,126.303205008485,0,0,0,8.13345810703835,117.086634591659,-42.9000000000018,43.9831123097895
1420578000,104.426556309351,0,0,0,-12.5300887360379,135.2,-60.6697618258043,42.426406871193
1420581600,73.7717271906071,0,0,0,-9.82029202260211,117.086634591658,-74.3049796447042,40.8103642662551
1420585200,24.4087144882657,0,0,0,0.547905707178561,67.6000000000017,-82.8764358956019,39.1372446766874
1420588800,-65.5751865735371,0,0,0,-17.1845746850607,-3.98544999936268e-13,-85.8,37.409388111524
1420592400,-98.6775060251604,0,0,0,16.1697187360335,-67.6000000000024,-82.8764358956018,35.6292111344103
1420596000,-169.617200667172,0,0,0,-12.0247899146322,-117.086634591651,-74.3049796447065,33.7992034838173
1420599600,-180.046389514546,0,0,0,-16.098552279659,-135.2,-60.6697618258076,31.9219245909204
1420603200,-127.277626725361,0,0,0,2.70900786629908,-117.086634591659,-42.9000000000016,30
1420606800,-53.5742409055974,0,0,0,8.19631546781886,-67.6000000000029,-22.2066740697973,28.036117696384
1420610400,35.4682513948833,0,0,0,9.43522704783111,-1.05899289290969e-12,-3.3602659101942e-13,26.0330243470536
1420614000,113.795174434109,0,0,0,-0.00502109487327432,67.6000000000011,22.2066740697967,23.9935214591844
1420617600,182.438988148328,0,0,0,0.531892094685436,117.086634591658,42.900000000001,21.9204614619838
1420621200,192.822091729177,0,0,0,-22.8644138139366,135.2,60.6697618258037,19.81674371731
1420624800,211.341225596274,0,0,0,2.26430089525604,117.08663459166,74.3049796447037,17.6853104646544
1420628400,150.480807998237,0,0,0,-15.5247706035199,67.6000000000042,82.8764358956017,15.5291427061512
1420632000,101.807783431396,0,0,0,2.65652739401453,2.51653078575564e-12,85.8,13.3512560373791
1420635600,43.5050991990598,0,0,0,17.0739668736827,-67.5999999999998,82.8764358956021,11.1546964297749
1420639200,-42.7294042653715,0,0,0,-8.89028528898912,-117.086634591657,74.3049796447045,8.94253597057028
1420642800,-74.0337025127536,0,0,0,-6.22133290475686,-135.2,60.6697618258048,6.71786856619851
1420646400,-76.4155064943117,0,0,0,-6.7126775178394,-117.08663459166,42.9000000000024,4.48380561518573
1420650000,-32.9276613128046,0,0,0,10.222192960823,-67.6000000000055,22.2066740697982,2.24347165657961
1420653600,9.29493170347992,0,0,0,9.29493170348275,-3.9740686786016e-12,1.26100256147935e-12,-1.17640370394536e-13
1420657200,55.7032574372975,0,0,0,12.5534031636741,67.5999999999986,-22.2066740697958,-2.24347165657942
1420660800,59.2851552657033,0,0,0,-10.4176737107679,117.086634591656,-42.9000000000002,-4.48380561518511
1420664400,67.1231684563756,0,0,0,-0.689201151623046,135.2,-60.669761825803,-6.71786856619832
1420668000,37.4952916769334,0,0,0,3.65617270055617,117.086634591653,-74.3049796447057,-8.94253597057051
1420671600,-19.266922812202,0,0,0,7.1642095131674,67.6000000000067,-82.8764358956014,-11.1546964297747
1420675200,-85.7284343034459,0,0,0,13.4228217339276,5.43160657144756e-12,-85.8,-13.3512560373789
1420678800,-157.211131364627,0,0,0,8.79444723712415,-67.5999999999973,-82.8764358956023,-15.5291427061514
1420682400,-206.311078065448,0,0,0,2.76584663556662,-117.086634591656,-74.304979644705,-17.6853104646542
1420686000,-224.453992531388,0,0,0,-8.76748698827291,-135.2,-60.6697618258054,-19.8167437173098
1420689600,-173.384540506737,0,0,0,8.52255554691123,-117.086634591662,-42.9000000000032,-21.9204614619836
1420693200,-102.150434409017,0,0,0,11.6497611199571,-67.5999999999947,-22.2066740697944,-23.9935214591846
1420696800,-21.8735751322006,0,0,0,4.15944921486183,-6.88914446429351e-12,-2.18597853193929e-12,-26.0330243470534
1420700400,54.2086720845045,0,0,0,-7.56188428890305,67.5999999999961,22.2066740697949,-28.0361176963834
1420704000,148.264585307393,0,0,0,18.2779507157381,117.086634591655,42.8999999999994,-29.9999999999999
1420707600,164.095353236013,0,0,0,0.147516001126945,135.2,60.6697618258058,-31.9219245909202
1420711200,161.007531044338,0,0,0,3.41512029179471,117.086634591655,74.3049796447052,-33.7992034838172
1420714800,105.912297891221,0,0,0,-8.93492686997924,67.6000000000092,82.8764358956012,-35.6292111344101
1420718400,41.3456400433811,0,0,0,-7.04497184508773,-7.02377810282302e-12,85.8,-37.4093881115242
1420722000,-21.2924764340384,0,0,0,2.56833234704107,-67.5999999999948,82.8764358956026,-39.1372446766873
1420725600,-69.0149624496164,0,0,0,14.5770567635874,-117.086634591654,74.3049796447054,-40.810364266255
1420729200,-139.53031780022,0,0,0,-22.5736727548328,-135.2,60.6697618258061,-42.4264068711928
1420732800,-122.416526328081,0,0,0,-4.24677942663521,-117.086634591656,42.8999999999997,-43.9831123097897
1420736400,-98.6162077644339,0,0,0,-7.74457844550489,-67.5999999999972,22.2066740697953,-45.4783033887271
1420740000,-42.6581891022562,0,0,0,4.25169984583208,-9.80422024998542e-12,3.11095450239922e-12,-46.9098889480816
1420743600,3.50426690565647,0,0,0,6.38680776145697,67.5999999999935,-22.206674069794,-48.275866786
1420747200,31.470114366871,0,0,0,6.85780623417583,117.086634591654,-42.8999999999986,-49.5743264589597
1420750800,37.0636465510902,0,0,0,13.3368603305923,135.2,-60.6697618258051,-50.803451953697
1420754400,-12.9228673978874,0,0,0,-3.7429981177729,117.086634591656,-74.3049796447048,-51.9615242270661
1420758000,-73.9251381599426,0,0,0,-5.60177865406215,67.5999999999985,-82.8764358956022,-53.0469236102767
1420761600,-143.620646315478,0,0,0,-3.76251424132872,-4.10870231713111e-12,-85.8,-54.0581320741451
1420765200,-209.080410184773,0,0,0,-3.61023893697979,-67.5999999999923,-82.8764358956028,-54.9937353521985
1420768800,-249.3841285792,0,0,0,-2.14008942418868,-117.086634591653,-74.3049796447059,-55.8524249186522
1420772400,-251.346555720247,0,0,0,1.1562059240622,-135.2,-60.6697618258068,-56.6329998185021
1420776000,-199.35905734473,0,0,0,17.9619455940961,-117.086634591657,-42.9000000000006,-57.3343683471684
1420779600,-161.346588689007,0,0,0,-13.5843650418676,-67.5999999999997,-22.2066740697962,-57.955549577344
1420783200,-55.6836216586059,0,0,0,2.81205307232021,-1.27192960356773e-11,-4.03593047285915e-12,-58.4956747309094
1420786800,29.5489668424211,0,0,0,-1.30371883338368,67.6000000000043,22.2066740697978,-58.9539883939973
1420790400,79.6201994654202,0,0,0,-21.036585552722,117.086634591652,42.8999999999978,-59.3298495735077
1420794000,132.739886663469,0,0,0,-3.50714256874086,135.2,60.6697618258045,-59.6227325935945
1420797600,131.203565728021,0,0,0,-0.355820677470791,117.086634591658,74.3049796447043,-59.8322278308708
1420801200,82.2378435186473,0,0,0,-8.28055008965171,67.600000000001,82.876435895602,-59.9580422873039
1420804800,16.5959112582796,0,0,0,-9.20408874171925,-1.1936265314392e-12,85.8,-60
1420808400,-46.9590038201954,0,0,0,-2.27739742850479,-67.5999999999897,82.876435895603,-59.9580422873039
1420812000,-97.6139258411123,0,0,0,4.99995693671363,-117.086634591659,74.3049796447039,-59.8322278308708
1420815600,-143.23576685456,0,0,0,-9.08279608677318,-135.2,60.6697618258074,-59.6227325935946
1420819200,-127.566341034885,0,0,0,5.95014313027976,-117.086634591659,42.9000000000014,-59.3298495735078
1420822800,-103.242682942639,0,0,0,1.1046313815635,-67.6000000000022,22.2066740697971,-58.9539883939973
1420826400,-53.3236686199513,0,0,0,5.17200611095827,-2.63911361406755e-13,8.37411050617586e-14,-58.4956747309094
1420830000,-13.5937085969299,0,0,0,-1.03148494979063,67.6000000000018,-22.2066740697969,-57.9555495773441
1420833600,4.66718317448277,0,0,0,-12.1850830700023,117.086634591651,-42.899999999997,-57.3343683471685
1420837200,17.869905171115,0,0,0,-0.0273331845756242,135.2,-60.6697618258073,-56.6329998185021
1420840800,-7.65420399459755,0,0,0,5.41656597709924,117.086634591659,-74.3049796447038,-55.8524249186522
1420844400,-65.6316139623729,0,0,0,4.63855728542398,67.6000000000035,-82.8764358956017,-54.9937353521986
1420848000,-122.659979710929,0,0,0,17.1981523632149,1.72144925425271e-12,-85.8,-54.0581320741453
1420851600,-204.689441813102,0,0,0,-1.16608230722302,-67.6000000000005,-82.876435895602,-53.0469236102765
1420855200,-242.434856697521,0,0,0,0.918281765907665,-117.086634591658,-74.3049796447044,-51.9615242270663
1420858800,-253.873003517452,0,0,0,-7.19978973794718,-135.2,-60.6697618258081,-50.8034519536972
1420862400,-195.927293998999,0,0,0,13.6336670516225,-117.08663459166,-42.9000000000022,-49.5743264589597
1420866000,-143.03816534729,0,0,0,-4.95562449148699,-67.6000000000048,-22.206674069798,-48.275866786
1420869600,-42.948166375789,0,0,0,3.96172257229703,-3.17898714709867e-12,-1.00871707552169e-12,-46.9098889480818
1420873200,22.3667470864735,0,0,0,-21.9616235945944,67.5999999999993,22.206674069796,-45.4783033887274
1420876800,126.806458071537,0,0,0,10.8029357896696,117.086634591657,42.9000000000004,-43.9831123097897
1420880400,161.960136779271,0,0,0,8.51678182465681,135.2,60.6697618258066,-42.4264068711928
1420884000,137.243096210049,0,0,0,-13.3381537600594,117.086634591661,74.3049796447034,-40.8103642662553
1420887600,110.775409501103,0,0,0,-0.56378171781712,67.600000000006,82.8764358956015,-39.1372446766876
1420891200,52.4898331012958,0,0,0,4.09922121281497,4.63652503994462e-12,85.8,-37.4093881115238
1420894800,-32.5172131413086,0,0,0,-12.1644379025027,-67.599999999998,82.8764358956023,-35.6292111344101
1420898400,-81.2713523376496,0,0,0,-4.69049390688086,-117.086634591656,74.3049796447048,-33.7992034838175
1420902000,-107.584741415531,0,0,0,-1.132578650419,-135.2,60.6697618258087,-31.9219245909202
1420905600,-122.598909554979,0,0,0,-18.4122749633238,-117.086634591654,42.8999999999987,-29.9999999999999
1420909200,-74.5074748585976,0,0,0,-1.07803123200534,-67.6000000000073,22.2066740697989,-28.0361176963838
1420912800,-32.4862719632519,0,0,0,-6.45324761619401,-6.09406293279058e-12,1.93369304598163e-12,-26.0330243470538
1420916400,5.53722737259911,0,0,0,-15.8625770984179,67.5999999999967,-22.2066740697951,-23.9935214591846
1420920000,68.4796736909178,0,0,0,16.2135005612456,117.086634591655,-42.8999999999996,-21.9204614619836
1420923600,50.2598290999422,0,0,0,-4.45366535694171,135.2,-60.669761825806,-19.8167437173102
1420927200,18.7546079140819,0,0,0,-6.34173656822283,117.086634591662,-74.3049796447029,-17.6853104646546
1420930800,-15.1851687101031,0,0,0,15.6204098916556,67.5999999999952,-82.8764358956025,-15.5291427061514
1420934400,-87.0357750725318,0,0,0,12.1154809648395,7.55160082563653e-12,-85.8,-13.3512560373789
1420938000,-155.958917589536,0,0,0,5.67221473583664,-67.5999999999955,-82.8764358956025,-11.1546964297751
1420941600,-198.157385563845,0,0,0,2.1767646430862,-117.086634591655,-74.3049796447053,-8.94253597057092
1420945200,-213.049145116987,0,0,0,-10.4615147249827,-135.2,-60.6697618258059,-6.71786856619831
1420948800,-168.770887326947,0,0,0,-4.3004471201063,-117.086634591655,-42.8999999999995,-4.48380561518552
1420952400,-89.4166009674551,0,0,0,2.63354475893428,-67.6000000000098,-22.2066740697998,-2.24347165657984
1420956000,-1.76354610089742,0,0,0,-1.7635461009057,6.36132174148e-12,2.01849632181577e-12,-1.02870331128378e-13
1420959600,100.473620850333,0,0,0,8.42347512396458,67.5999999999942,22.2066740697942,2.24347165657963
1420963200,183.447855049306,0,0,0,18.9774148424675,117.086634591654,42.8999999999988,4.48380561518532
1420966800,191.788328000952,0,0,0,-10.7993023910511,135.2,60.6697618258053,6.7178685661981
1420970400,206.770064751089,0,0,0,6.43591454415806,117.086634591656,74.3049796447049,8.94253597057029
1420974000,138.216425403526,0,0,0,-23.4147069218489,67.5999999999978,82.8764358956023,11.1546964297749
1420977600,100.932038972199,0,0,0,1.78078293480972,1.04666766113284e-11,85.8,13.3512560373787
1420981200,30.9667691579303,0,0,0,0.161190556169693,-67.599999999993,82.8764358956027,15.5291427061508
1420984800,-26.942657864593,0,0,0,-1.84631338229999,-117.086634591653,74.3049796447058,17.6853104646544
1420988400,247.281005406295,1,0,0,8.81236095973963,-135.2,60.6697618258066,19.81674371731
1420992000,-49.8334706123707,0,0,0,2.43270251730224,-117.086634591657,42.9000000000003,21.9204614619834
1420995600,-15.1813845154945,0,0,0,6.21841995552418,-67.599999999999,22.2066740697959,23.9935214591844
1420999200,27.115088014133,0,0,0,1.08206366707704,3.44624595578809e-12,-1.09352035135584e-12,26.0330243470536
1421002800,80.8824659340619,0,0,0,7.45302230747999,67.5999999999917,-22.2066740697933,28.0361176963836
1421006400,97.0403473316917,0,0,0,-7.14628725996247,117.086634591652,-42.899999999998,29.9999999999997
1421010000,102.943844364027,0,0,0,-3.50831840108837,135.2,-60.6697618258047,31.9219245909201
1421013600,56.8812554556782,0,0,0,-19.6996029750922,117.086634591657,-74.3049796447044,33.7992034838174
1421017200,25.1377592487478,0,0,0,4.78498400993963,67.6000000000003,-82.876435895602,35.6292111344099
1421020800,-56.9265323996923,0,0,0,-8.53592051122939,1.33817523970204e-11,-85.8,37.4093881115237
1421024400,-111.912789919775,0,0,0,-0.573598700856677,-67.6000000000037,-82.8764358956017,39.1372446766871
1421028000,-126.913764722723,0,0,0,23.6674852473795,-117.086634591652,-74.3049796447062,40.8103642662551
1421031600,-170.211254028541,0,0,0,-16.7678990739269,-135.2,-60.6697618258072,42.4264068711927
1421035200,-122.873589978775,0,0,0,-6.87006769690541,-117.086634591658,-42.9000000000011,43.9831123097895
1421038800,-50.1663422394011,0,0,0,-5.83797155832995,-67.6000000000016,-22.2066740697968,45.4783033887273
1421042400,28.7601343414229,0,0,0,-18.1497546066595,5.31170170096179e-13,1.68544380895903e-13,46.9098889480817
1421046000,144.540356779545,0,0,0,6.45781592376391,67.5999999999892,22.2066740697924,48.2758667859999
1421049600,219.038414141379,0,0,0,9.4774530907591,117.086634591659,42.9000000000014,49.5743264589596
1421053200,248.587150506758,0,0,0,1.91393672725729,135.2,60.669761825804,50.8034519536971
1421056800,250.885215142003,0,0,0,7.53207667857413,117.086634591659,74.304979644704,51.9615242270662
1421060400,193.059745294669,0,0,0,-10.4636142112122,67.6000000000028,82.8764358956018,53.0469236102764
1421064000,140.597240594841,0,0,0,0.739108520695013,9.26367722749777e-13,85.8,54.0581320741451
1421067600,47.0744747115539,0,0,0,-23.1956965362454,-67.6000000000012,82.876435895602,54.9937353521986
1421071200,27.5602425150975,0,0,0,14.4894725433889,-117.08663459165,74.3049796447067,55.8524249186522
1421074800,-17.704734833453,0,0,0,0.1925035222406,-135.2,60.6697618258044,56.632999818502
1421078400,-2.39956421696957,0,0,0,14.4527020275197,-117.08663459166,42.9000000000019,57.3343683471685
1421082000,25.2924044305082,0,0,0,12.7301807833705,-67.6000000000041,22.2066740697977,57.9555495773441
1421085600,66.6393469828468,0,0,0,8.14367225193906,-2.38390561559573e-12,7.5643158956403e-13,58.4956747309093
1421089200,96.2281195434201,0,0,0,-8.11919478078082,67.6,-22.2066740697963,58.9539883939973
1421092800,108.209299199719,0,0,0,-25.3071849654455,117.086634591657,-42.9000000000006,59.3298495735077
1421096400,121.257556538841,0,0,0,-12.8954142289498,135.2,-60.6697618258034,59.6227325935945
1421100000,90.0287064620139,0,0,0,-12.5851763158138,117.08663459166,-74.3049796447035,59.8322278308708
1421103600,40.3497426337286,0,0,0,-4.33186375797904,67.6000000000053,-82.8764358956016,59.9580422873039
1421107200,-20.6734535114188,0,0,0,5.12654648857741,3.84144350844169e-12,-85.8,60
1421110800,-73.0052102595535,0,0,0,17.5131833487435,-67.5999999999987,-82.8764358956022,59.9580422873039
1421114400,-131.504800035853,0,0,0,0.0545863696372588,-117.086634591657,-74.3049796447047,59.8322278308708
1421118000,-146.80187354361,0,0,0,-10.5548443113996,-135.2,-60.6697618258051,59.6227325935946
1421121600,-102.274449485758,0,0,0,-1.61766446760221,-117.086634591661,-42.9000000000027,59.3298495735077
1421125200,-41.9187201751851,0,0,0,-11.0660344993772,-67.6000000000066,-22.2066740697986,58.9539883939973
1421128800,50.2210015601251,0,0,0,-8.27467317077734,-5.29898140128764e-12,-1.68140756002396e-12,58.4956747309094
1421132400,130.246751636698,0,0,0,-17.5154720104386,67.5999999999974,22.2066740697954,57.9555495773441
1421136000,214.010650962407,0,0,0,-3.31035197641669,117.086634591656,42.8999999999998,57.3343683471685
1421139600,273.492276138975,0,0,0,20.9895144946669,135.2,60.6697618258062,56.632999818502
1421143200,252.106314629277,0,0,0,4.86227547426515,117.086634591654,74.3049796447055,55.8524249186523
1421146800,207.917659876548,0,0,0,2.44748862874002,67.6000000000079,82.8764358956013,54.9937353521986
1421150400,137.326342963278,0,0,0,-2.53178911087438,6.7565192941336e-12,85.8,54.0581320741452
1421154000,68.2530391420299,0,0,0,-0.0703203638529924,-67.5999999999962,82.8764358956024,53.0469236102766
1421157600,-0.776646755257302,0,0,0,-9.95651603537387,-117.086634591655,74.3049796447052,51.9615242270664
1421161200,-19.8401720676859,0,0,0,3.88661415281129,-135.2,60.6697618258057,50.8034519536971
1421164800,-26.456950922927,0,0,0,-1.84464279022779,-117.086634591663,42.9000000000035,49.5743264589599
1421168400,6.79452806970516,0,0,0,3.91198721390602,-67.5999999999958,22.2066740697948,48.2758667860002
1421172000,54.67453272354,0,0,0,7.76464377546392,-8.21405718697955e-12,2.6063835304839e-12,46.9098889480817
1421175600,98.8788792492093,0,0,0,8.00724993028166,67.5999999999949,-22.2066740697945,45.4783033887273
1421179200,112.644603744167,0,0,0,-5.52514315727745,117.086634591654,-42.899999999999,43.9831123097895
1421182800,108.451987131252,0,0,0,-8.50465791413517,135.2,-60.6697618258055,42.426406871193
1421186400,58.1038872976317,0,0,0,-25.488131915574,117.086634591656,-74.304979644705,40.8103642662551
1421190000,31.5930681824325,0,0,0,7.73225940133574,67.6000000000104,-82.8764358956011,39.1372446766874
1421193600,-46.284405720449,0,0,0,2.10620616803267,-5.69886538013698e-12,-85.8,37.409388111524
1421197200,-128.805175789122,0,0,0,-13.9579510279356,-67.5999999999936,-82.8764358956027,35.6292111344103
1421200800,-141.810868474712,0,0,0,15.7815422778304,-117.086634591654,-74.3049796447056,33.7992034838174
1421204400,-150.074438832129,0,0,0,13.8733984027571,-135.2,-60.6697618258064,31.9219245909204
1421208000,-138.738818037735,0,0,0,-8.752183446079,-117.086634591656,-42.9000000000001,30.0000000000001
1421211600,-61.1707036325945,0,0,0,0.599852740815544,-67.5999999999983,-22.2066740697957,28.036117696384
1421215200,29.9669520020846,0,0,0,3.93392765504569,-1.11291329726715e-11,-3.53135950094383e-12,26.0330243470536
1421218800,112.89682897891,0,0,0,-0.903366550078773,67.6000000000057,22.2066740697983,23.9935214591844
1421222400,177.423714178429,0,0,0,-4.48338187520574,117.086634591653,42.8999999999982,21.9204614619838
1421226000,213.215979651829,0,0,0,-2.47052589128621,135.2,60.6697618258048,19.81674371731
1421229600,219.922029291442,0,0,0,10.8451045904263,117.086634591657,74.3049796447046,17.6853104646544
1421233200,168.671404974198,0,0,0,2.66582637244549,67.5999999999996,82.8764358956021,15.5291427061512
1421236800,98.0214465428466,0,0,0,-1.12980949452965,-2.78378959444507e-12,85.8,13.3512560373791
1421240400,9.19556309930022,0,0,0,-17.2355692260865,-67.5999999999911,82.8764358956029,11.1546964297749
1421244000,-40.6841978968103,0,0,0,-6.84507892043496,-117.086634591652,74.3049796447061,8.94253597057072
1421247600,-72.0307366304403,0,0,0,-4.21836702244589,-135.2,60.6697618258071,6.71786856619853
1421251200,-74.9128132165303,0,0,0,-5.20998424005917,-117.086634591658,42.9000000000009,4.48380561518574
1421254800,-53.6645554129954,0,0,0,-10.5147011393707,-67.6000000000009,22.2066740697966,2.24347165657963
1421258400,-0.592811324409985,0,0,0,-0.592811324410787,1.32625170159911e-12,-4.20829866853564e-13,-1.02944608804768e-13
1421262000,51.673603324274,0,0,0,8.52374905064761,67.6000000000032,-22.2066740697974,-2.24347165657941
1421265600,67.120436433192,0,0,0,-2.58239254327644,117.086634591651,-42.8999999999974,-4.48380561518552
1421269200,77.0395259738677,0,0,0,9.22715636587014,135.2,-60.6697618258042,-6.71786856619831
1421272800,33.3361511262074,0,0,0,-0.502967850176528,117.086634591658,-74.3049796447041,-8.9425359705705
1421276400,-40.8182008424826,0,0,0,-14.3870685171082,67.6000000000021,-82.8764358956019,-11.1546964297747
1421280000,-96.9777277335036,0,0,0,2.17352830387514,1.31286191246843e-13,-85.8,-13.3512560373789
1421283600,-179.699361522017,0,0,0,-13.6937829202744,-67.5999999999886,-82.8764358956032,-15.529142706151
1421287200,-196.75891776591,0,0,0,12.3180069351072,-117.086634591658,-74.3049796447041,-17.6853104646542
1421290800,-229.620701163588,0,0,0,-13.9341956204705,-135.2,-60.6697618258077,-19.8167437173098
1421294400,-178.308109679635,0,0,0,3.59898637400924,-117.086634591659,-42.9000000000017,-21.9204614619836
1421298000,-113.8201218682,0,0,0,-0.0199263392145148,-67.6000000000034,-22.2066740697975,-23.9935214591846
1421301600,-18.2354944868693,0,0,0,7.79752986018616,-1.5888240840928e-12,-5.04146103606369e-13,-26.0330243470534
1421305200,372.804941609467,1,0,0,17.8522463326145,67.6000000000006,22.2066740697965,-28.0361176963834
1421308800,129.753534497602,0,0,0,-0.23310009404448,117.08663459165,42.8999999999966,-29.9999999999999
1421312400,156.631532414248,0,0,0,-7.31630482063847,135.2,60.669761825807,-31.9219245909202
1421316000,165.786840308097,0,0,0,8.19442955555071,117.08663459166,74.3049796447036,-33.7992034838172
1421319600,118.976072516743,0,0,0,4.12884775554675,67.6000000000047,82.8764358956016,-35.6292111344101
1421323200,46.9519701542947,0,0,0,-1.43864173418449,3.04636197693875e-12,85.8,-37.4093881115238
1421326800,-35.2006007734121,0,0,0,-11.3397919923276,-67.5999999999994,82.8764358956021,-39.1372446766873
1421330400,-84.6876657441282,0,0,0,-1.09564653092088,-117.086634591657,74.3049796447046,-40.810364266255
1421334000,-109.270718712171,0,0,0,7.68592633321329,-135.2,60.6697618258084,-42.4264068711928
1421337600,-119.247172771453,0,0,0,-1.07742587000843,-117.086634591653,42.8999999999983,-43.9831123097897
1421341200,-73.7085936863837,0,0,0,17.1630356325509,-67.6000000000059,22.2066740697984,-45.4783033887271
1421344800,-55.3571459929386,0,0,0,-8.44725704485392,-4.50389986978471e-12,1.4291220740663e-12,-46.9098889480816
1421348400,-18.812424398322,0,0,0,-15.9298835425245,67.5999999999981,-22.2066740697956,-48.275866786
1421352000,32.7860477606159,0,0,0,8.17373962791946,117.086634591656,-42.9,-49.5743264589597
1421355600,38.8335113602553,0,0,0,15.1067251397586,135.2,-60.6697618258063,-50.803451953697
1421359200,-23.5401237405866,0,0,0,-14.3602544604785,117.086634591661,-74.3049796447032,-51.9615242270663
1421362800,-67.9245251096696,0,0,0,0.398834396201104,67.6000000000072,-82.8764358956014,-53.0469236102765
1421366400,-118.821426687505,0,0,0,21.0367053866343,5.96143776263067e-12,-85.8,-54.0581320741451
1421370000,-208.494927957086,0,0,0,-3.02475670928845,-67.5999999999969,-82.8764358956024,-54.9937353521985
1421373600,-237.659850925647,0,0,0,9.58418822936551,-117.086634591655,-74.3049796447051,-55.8524249186522
1421377200,-267.616311672643,0,0,0,-15.1135500283354,-135.2,-60.6697618258056,-56.6329998185021
1421380800,-213.199720538202,0,0,0,4.12128240061986,-117.086634591654,-42.8999999999991,-57.3343683471684
1421384400,-138.046895850016,0,0,0,9.71532779713541,-67.6000000000084,-22.2066740697993,-57.955549577344
1421388000,-67.7045050371205,0,0,0,-9.20883030620135,-7.41897565547662e-12,-2.35409804452624e-12,-58.4956747309094
1421391600,25.4767842066098,0,0,0,-5.37590146918322,67.5999999999956,22.2066740697947,-58.9539883939973
1421395200,98.0938947200977,0,0,0,-2.56289029804858,117.086634591655,42.8999999999992,-59.3298495735077
1421398800,139.486256580541,0,0,0,3.23922734833021,135.2,60.6697618258057,-59.6227325935945
1421402400,124.595919207981,0,0,0,-6.96346719751333,117.086634591663,74.3049796447027,-59.8322278308708
1421406000,111.702997047477,0,0,0,21.1846034391817,67.5999999999964,82.8764358956024,-59.9580422873039
1421409600,20.7607162769627,0,0,0,-5.03928372304618,8.87651354832258e-12,85.8,-60
1421413200,-26.1967610539996,0,0,0,18.484845337696,-67.5999999999943,82.8764358956026,-59.9580422873039
1421416800,-103.225475403562,0,0,0,-0.611592625742288,-117.086634591654,74.3049796447055,-59.8322278308708
1421420400,-130.448162342059,0,0,0,3.70480842572934,-135.2,60.6697618258062,-59.6227325935946
1421424000,-135.208285653918,0,0,0,-1.69180148875448,-117.086634591656,42.8999999999999,-59.3298495735077
1421427600,-101.091807851824,0,0,0,3.25550647238435,-67.600000000011,22.2066740698002,-58.9539883939973
1421431200,-55.777863154389,0,0,0,2.71781157651698,5.03640901879396e-12,-1.59809132327116e-12,-58.4956747309094
1421434800,-0.58756210949347,0,0,0,11.9746615376515,67.5999999999931,-22.2066740697938,-57.9555495773442
1421438400,25.36059811736,0,0,0,8.50833187287377,117.086634591653,-42.8999999999984,-57.3343683471686
1421442000,28.113766242167,0,0,0,10.216527886474,135.2,-60.669761825805,-56.632999818502
1421445600,-15.6380449949727,0,0,0,-2.56727502328236,117.086634591664,-74.3049796447022,-55.8524249186524
1421449200,-82.1226685331411,0,0,0,-11.8524972853391,67.5999999999989,-82.8764358956022,-54.9937353521987
1421452800,-140.107114278813,0,0,0,-0.248982204664283,-3.578871125948e-12,-85.8,-54.0581320741451
1421456400,-181.081502129318,0,0,0,22.4418573765537,-67.5999999999918,-82.8764358956028,-53.0469236102767
1421460000,-228.214328562949,0,0,0,15.1388099004757,-117.086634591653,-74.304979644706,-51.9615242270663
1421463600,-240.377714441039,0,0,0,6.29549933846143,-135.2,-60.6697618258034,-50.803451953697
1421467200,-213.89013269927,0,0,0,-4.32917164865245,-117.086634591657,-42.9000000000007,-49.5743264589597
1421470800,-141.931380067929,0,0,0,-3.84883921213272,-67.6000000000002,-22.2066740697963,-48.275866786
1421474400,-54.3111558113008,0,0,0,-7.40126686320118,-1.32491272268604e-11,-4.2040499854461e-12,-46.9098889480821
1421478000,43.2542795754363,0,0,0,-1.07409110561982,67.5999999999905,22.2066740697929,-45.4783033887274
1421481600,120.665529612135,0,0,0,4.66200733026325,117.08663459166,42.9000000000019,-43.9831123097897
1421485200,138.019467944801,0,0,0,-15.4238870098099,135.2,60.6697618258044,-42.4264068711931
1421488800,161.870839367734,0,0,0,11.2895893976269,117.086634591658,74.3049796447042,-40.8103642662553
1421492400,107.936422695115,0,0,0,-3.40276852380156,67.6000000000014,82.8764358956019,-39.1372446766873
1421496000,71.6986826964779,0,0,0,23.3080708079874,1.47066651197064e-11,85.8,-37.4093881115242
1421499600,-7.01879473657489,0,0,0,13.333980502236,-67.6000000000026,82.8764358956018,-35.6292111344101
1421503200,-88.6593784071298,0,0,0,-12.0785199763578,-117.086634591659,74.304979644704,-33.7992034838172
1421506800,-115.863024154564,0,0,0,-9.41086138945108,-135.2,60.6697618258075,-31.9219245909202
1421510400,-94.3064859222773,0,0,0,9.88014866937993,-117.086634591659,42.9000000000015,-29.9999999999999
1421514000,-88.5817038793465,0,0,0,-15.1522602527483,-67.600000000016,22.2066740698019,-28.0361176963842
1421517600,-21.0990833802072,0,0,0,4.93394096684713,-7.93742552589866e-13,2.51860617648707e-13,-26.0330243470538
1421521200,18.7919960138872,0,0,0,-2.60780845713282,67.6000000000013,-22.2066740697967,-23.9935214591846
1421524800,49.5824946144992,0,0,0,-2.68367851517028,117.08663459165,-42.8999999999968,-21.920461461984
1421528400,56.4276030488418,0,0,0,1.71410859195569,135.2,-60.6697618258037,-19.8167437173102
1421532000,24.6207283030468,0,0,0,-0.475616179244684,117.086634591652,-74.3049796447062,-17.6853104646542
1421535600,-45.0624474208688,0,0,0,-14.2568688191196,67.600000000004,-82.8764358956017,-15.5291427061514
1421539200,-109.018670843318,0,0,0,-9.8674148059412,2.25128044543582e-12,-85.8,-13.3512560373789
1421542800,-188.294381015271,0,0,0,-26.6632486898942,-67.6000000000001,-82.8764358956021,-11.1546964297747
1421546400,-178.014425295145,0,0,0,22.3197249117821,-117.08663459165,-74.3049796447069,-8.94253597057051
1421550000,-183.299100134132,0,0,0,19.2885302578712,-135.2,-60.6697618258047,-6.71786856619832
1421553600,-154.322712508554,0,0,0,10.1477276982946,-117.08663459166,-42.9000000000023,-4.48380561518596
1421557200,-109.963177983574,0,0,0,-17.9130322571911,-67.6000000000052,-22.2066740697981,-2.24347165657985
1421560800,-7.65066640762698,0,0,0,-7.65066640762198,-3.70881833828178e-12,-1.17683658810864e-12,-1.17566092718146e-13
1421564400,93.5462405468427,0,0,0,1.49609482048685,67.5999999999855,22.2066740697911,2.24347165657919
1421568000,168.097265153043,0,0,0,3.62682494620067,117.086634591657,42.9000000000003,4.4838056151853
1421571600,196.789383239393,0,0,0,-5.79824715261167,135.2,60.6697618258065,6.71786856619851
1421575200,193.714073813021,0,0,0,-6.62007639391343,117.086634591661,74.3049796447033,8.94253597057028
1421578800,160.113497286479,0,0,0,-1.51763503890414,67.6000000000065,82.8764358956014,11.1546964297749
1421582400,96.347290342089,0,0,0,-2.80396569527985,-1.02041042288348e-11,85.8,13.3512560373791
1421586000,36.6687653238399,0,0,0,5.86318672208438,-67.5999999999976,82.8764358956023,15.5291427061508
1421589600,-5.42339430369061,0,0,0,19.6729501786059,-117.086634591656,74.3049796447049,17.6853104646544
1421593200,-45.5357277955403,0,0,0,9.17776666134138,-135.2,60.6697618258088,19.8167437173096
1421596800,-57.8183719228488,0,0,0,-5.55219879317355,-117.086634591662,42.9000000000031,21.9204614619834
1421600400,0.0379723174590758,0,0,0,21.4377767884748,-67.5999999999944,22.2066740697943,23.9935214591844
1421604000,29.7095523347935,0,0,0,3.67652798774483,-6.62389412397369e-12,2.10181255856857e-12,26.0330243470532
1421607600,72.1713755747981,0,0,0,-1.25806805178685,67.5999999999963,-22.206674069795,28.0361176963836
1421611200,114.057797032892,0,0,0,9.87116244123647,117.086634591655,-42.8999999999995,30
1421614800,103.957507483371,0,0,0,-2.49465528174659,135.2,-60.6697618258024,31.92192459092
1421618400,64.5021643391822,0,0,0,-12.0786940915847,117.086634591655,-74.3049796447053,33.7992034838173
1421622000,32.6098295928903,0,0,0,12.2570543540868,67.5999999999957,-82.8764358956025,35.6292111344103
1421625600,-66.4092470105611,0,0,0,-18.0186351220928,8.08143201681964e-12,-85.8,37.4093881115237
1421629200,-131.450187355209,0,0,0,-20.1109961362988,-67.599999999995,-82.8764358956025,39.1372446766874
1421632800,-154.881672165784,0,0,0,-4.30042219568429,-117.086634591647,-74.3049796447078,40.8103642662548
1421636400,-149.711711153791,0,0,0,3.73164380082216,-135.2,-60.669761825806,42.4264068711927
1421640000,-110.275386396811,0,0,0,5.72813588505512,-117.086634591656,-42.8999999999997,43.9831123097895
1421643600,-48.1906750609933,0,0,0,-3.86230437991015,-67.6000000000103,-22.2066740697999,45.478303388727
1421647200,29.6968862019685,0,0,0,-17.2130027461006,-9.5389699096656e-12,-3.02678852902851e-12,46.9098889480817
1421650800,142.588095788195,0,0,0,4.50555493238916,67.6000000000071,22.2066740697988,48.2758667860001
1421654400,201.1962817236,0,0,0,-8.36467932701142,117.086634591654,42.8999999999987,49.5743264589596
1421658000,247.891511998125,0,0,0,1.21829821862277,135.2,60.6697618258052,50.8034519536971
1421661600,245.834915360846,0,0,0,2.48177689741828,117.086634591656,74.3049796447048,51.9615242270664
1421665200,204.165051183102,0,0,0,0.641691677213018,67.6000000000115,82.876435895601,53.0469236102764
1421668800,141.727283719553,0,0,0,1.86915164541266,-4.37395265745094e-12,85.8,54.058132074145
1421672400,377.855037759905,1,0,0,14.4027276086569,-67.5999999999925,82.8764358956028,54.9937353521984
1421676000,8.08470875626019,0,0,0,-4.98606121544487,-117.086634591653,74.3049796447059,55.8524249186522
1421679600,-42.6445517893186,0,0,0,-24.7473134336273,-135.2,60.6697618258067,56.632999818502
1421683200,-6.74321301243895,0,0,0,10.1090532320527,-117.086634591665,42.9000000000047,57.3343683471684
1421686800,10.093291658938,0,0,0,-2.46893198820263,-67.5999999999995,22.2066740697961,57.9555495773441
1421690400,60.4022027838582,0,0,0,1.90652805294674,2.91641476460498e-12,-9.25400838768888e-13,58.4956747309094
1421694000,101.01404449193,0,0,0,-3.33326983226547,67.5999999999912,-22.2066740697932,58.9539883939973
1421697600,136.852272778911,0,0,0,3.33578861374918,117.086634591652,-42.8999999999979,59.3298495735077
1421701200,143.223571440849,0,0,0,9.07060067306281,135.2,-60.669761825808,59.6227325935946
1421704800,116.375506964724,0,0,0,13.7616241868997,117.086634591658,-74.3049796447043,59.8322278308708
1421708400,28.7271187759742,0,0,0,-15.9544876157285,67.6000000000008,-82.876435895602,59.9580422873039
1421712000,-28.3022710155942,0,0,0,-2.50227101560809,1.39115835882035e-11,-85.8,60
1421715600,-88.2855363708882,0,0,0,2.23285723740087,-67.59999999999,-82.876435895603,59.9580422873039
1421719200,-143.564909636687,0,0,0,-12.0055232311947,-117.086634591659,-74.3049796447039,59.8322278308708
1421722800,-122.601838538243,0,0,0,13.6451906939699,-135.2,-60.6697618258073,59.6227325935946
1421726400,-109.637860482622,0,0,0,-8.98107546446971,-117.086634591658,-42.9000000000013,59.3298495735077
1421730000,-48.8331916137974,0,0,0,-17.9805059379956,-67.600000000002,-22.206674069797,58.9539883939973
1421733600,70.9130169410513,0,0,0,12.4173422101621,-1.53691214810494e-11,-4.87674046994837e-12,58.4956747309094
1421737200,137.400942296719,0,0,0,-10.3612813504242,67.600000000002,22.206674069797,57.9555495773441
1421740800,208.712882586659,0,0,0,-8.60812035216951,117.086634591658,42.9000000000013,57.3343683471684
1421744400,249.51309824951,0,0,0,-2.98966339479634,135.2,60.6697618258039,56.6329998185022
1421748000,238.187661886983,0,0,0,-9.05637726803232,117.086634591659,74.3049796447039,55.8524249186523
1421751600,205.756578343945,0,0,0,0.286407096129353,67.6000000000166,82.8764358956005,54.9937353521987
1421755200,127.77818900248,0,0,0,-12.079943071667,1.45619891393289e-12,85.8,54.0581320741452
1421758800,76.1102212263863,0,0,0,7.78686172050848,-67.6000000000008,82.876435895602,53.0469236102766
1421762400,2.47387865534329,0,0,0,-6.70599062477992,-117.08663459165,74.3049796447068,51.9615242270664
1421766000,-40.5757988449097,0,0,0,-16.8490126244148,-135.2,60.669761825808,50.8034519536971
1421769600,-23.406915695117,0,0,0,1.20539243757769,-117.086634591652,42.8999999999979,49.5743264589596
1421773200,-3.65601965206704,0,0,0,-6.5385605078608,-67.6000000000045,22.2066740697979,48.2758667860004
1421776800,42.3926829081328,0,0,0,-4.51720603994699,-2.91373680677884e-12,9.24551102150979e-13,46.9098889480817
1421780400,101.2061732818,0,0,0,10.3345439628696,67.5999999999995,-22.2066740697961,45.478303388727
1421784000,108.7229056139,0,0,0,-9.44684128754265,117.086634591649,-42.8999999999963,43.9831123097898
1421787600,128.241523557821,0,0,0,11.2848785124348,135.2,-60.6697618258067,42.426406871193
1421791200,79.5402561384635,0,0,0,-4.05176307474921,117.086634591661,-74.3049796447034,40.8103642662555
1421794800,18.2381863919687,0,0,0,-5.62262238912304,67.6000000000058,-82.8764358956015,39.1372446766874
1421798400,-47.5576542993255,0,0,0,0.8329575891461,4.3712746996248e-12,-85.8,37.409388111524
1421802000,-107.283331405532,0,0,0,7.56389335564607,-67.5999999999849,-82.8764358956035,35.6292111344103
1421805600,-139.95952276752,0,0,0,17.6328879850235,-117.086634591656,-74.3049796447048,33.7992034838174
1421809200,-151.553075374723,0,0,0,12.3947618601618,-135.2,-60.6697618258052,31.9219245909201
1421812800,-127.088730590244,0,0,0,2.89790400141983,-117.086634591661,-42.9000000000029,30.0000000000004
1421816400,-48.9483376521394,0,0,0,12.8222187212828,-67.6000000000071,-22.2066740697988,28.0361176963836
1421820000,28.182904972714,0,0,0,2.14988062564819,9.54164786749174e-12,3.02763826564642e-12,26.0330243470532
1421823600,114.982796896175,0,0,0,1.18260136719837,67.599999999997,22.2066740697952,23.9935214591848
1421827200,161.102465460016,0,0,0,-20.8046305936234,117.086634591656,42.8999999999997,21.9204614619839
1421830800,200.952747777889,0,0,0,-14.7337577652269,135.2,60.669761825806,19.81674371731
1421834400,205.471520970513,0,0,0,-3.60540373050658,117.086634591662,74.304979644703,17.6853104646544
1421838000,161.875508687748,0,0,0,-4.1300699140008,67.599999999995,82.8764358956025,15.5291427061512
1421841600,102.386902186559,0,0,0,3.23564614917214,7.28635048531671e-12,85.8,13.3512560373791
1421845200,42.4852941721711,0,0,0,16.0541618467894,-67.5999999999957,82.8764358956025,11.1546964297749
1421848800,-44.607493487186,0,0,0,-10.7683745108068,-117.086634591655,74.3049796447053,8.94253597057031
1421852400,-67.6209821960963,0,0,0,0.191387411895424,-135.2,60.6697618258093,6.71786856619897
1421856000,-55.0478538344263,0,0,0,14.6549751420436,-117.086634591655,42.8999999999995,4.48380561518576
1421859600,-43.883425256626,0,0,0,-0.733570983003934,-67.5999999999963,22.206674069795,2.24347165657922
1421863200,-1.04815441463078,0,0,0,-1.04815441462515,-8.74388837816267e-12,2.77450304307085e-12,3.3807679424106e-13
1421866800,56.3919990793428,0,0,0,13.2421448057221,67.5999999999944,-22.2066740697943,-2.24347165657939
1421870400,83.4253361573488,0,0,0,13.7225071808757,117.086634591662,-42.9000000000031,-4.48380561518551
1421874000,84.937177900795,0,0,0,17.1248082927987,135.2,-60.6697618258054,-6.71786856619829
1421877600,33.561315128499,0,0,0,-0.27780384788141,117.086634591656,-74.3049796447049,-8.94253597057048
1421881200,-20.8776921818899,0,0,0,5.55344014347499,67.6000000000109,-82.876435895601,-11.1546964297747
1421884800,-86.100868753773,0,0,0,13.0503872835957,1.02014262710086e-11,-85.8,-13.3512560373788
1421888400,-165.893020356916,0,0,0,0.112558244843593,-67.6000000000065,-82.8764358956014,-15.5291427061514
1421892000,-190.615241755745,0,0,0,18.4616829452678,-117.086634591653,-74.3049796447057,-17.6853104646538
1421895600,-220.870561069078,0,0,0,-5.18405552596183,-135.2,-60.6697618258065,-19.8167437173098
1421899200,-186.226650635986,0,0,0,-4.31955458234557,-117.086634591657,-42.9000000000003,-21.920461461984
1421902800,-134.885784483132,0,0,0,-21.0855889541347,-67.6000000000121,-22.2066740698006,-23.9935214591842
1421906400,-26.812431763145,0,0,0,-0.779407416096532,3.71149629610791e-12,1.17768632472655e-12,-26.0330243470534
1421910000,53.045273551931,0,0,0,-8.72528282148856,67.6000000000052,22.2066740697981,-28.0361176963838
1421913600,130.993378581422,0,0,0,1.00674398977113,117.086634591653,42.8999999999981,-29.9999999999999
1421917200,166.202140750919,0,0,0,2.25430351603412,135.2,60.6697618258047,-31.9219245909202
1421920800,165.79057715223,0,0,0,8.19816639968034,117.086634591665,74.304979644702,-33.7992034838172
1421924400,103.806587666042,0,0,0,-11.0406370951499,67.6000000000001,82.8764358956021,-35.6292111344101
1421928000,47.0638542183832,0,0,0,-1.32675767009043,-2.25395840326196e-12,85.8,-37.4093881115242
1421931600,-14.4106506278801,0,0,0,9.45015815319449,-67.5999999999907,82.876435895603,-39.1372446766869
1421935200,-89.1120800300734,0,0,0,-5.52006081687274,-117.086634591652,74.3049796447062,-40.810364266255
1421938800,-120.531836103201,0,0,0,-3.57519105781149,-135.2,60.6697618258037,-42.4264068711928
1421942400,-111.964149519295,0,0,0,6.20559738215183,-117.086634591658,42.9000000000011,-43.9831123097894
1421946000,-84.2659761404098,0,0,0,6.60565317852186,-67.6000000000013,22.2066740697967,-45.4783033887271
1421949600,-57.7071470644791,0,0,0,-10.7972581163978,7.96420510416001e-13,-2.52710354266616e-13,-46.9098889480818
1421953200,-13.5083378920141,0,0,0,-10.625797036211,67.5999999999894,-22.2066740697925,-48.275866786
1421956800,20.2837236010502,0,0,0,-4.32858453164747,117.086634591659,-42.9000000000015,-49.5743264589597
1421960400,33.083963005836,0,0,0,9.3571767853368,135.2,-60.6697618258041,-50.8034519536967
1421964000,-20.6774789129815,0,0,0,-11.49760963287,117.086634591659,-74.304979644704,-51.9615242270663
1421967600,-75.2035894148233,0,0,0,-6.88022990894743,67.6000000000026,-82.8764358956018,-53.0469236102767
1421971200,-146.005527694417,0,0,0,-6.14739562028762,1.60315778423924e-11,-85.8,-54.058132074145
1421974800,-209.050567088439,0,0,0,-3.58039584063698,-67.6000000000014,-82.8764358956019,-54.9937353521985
1421978400,-255.695841129118,0,0,0,-8.45180197410383,-117.086634591658,-74.3049796447042,-55.8524249186522
1421982000,-251.951585974648,0,0,0,0.551175669661564,-135.2,-60.6697618258078,-56.632999818502
1421985600,-197.149710434249,0,0,0,20.1712925045805,-117.08663459166,-42.9000000000019,-57.3343683471684
1421989200,-165.228659258784,0,0,0,-17.4664356116562,-67.5999999999905,-22.2066740697929,-57.9555495773441
1421992800,-65.6692790956214,0,0,0,-7.17360436470925,-2.11865527527591e-12,-6.72265616193318e-13,-58.4956747309094
1421996400,21.5002671160362,0,0,0,-9.35241855976303,67.6000000000002,22.2066740697963,-58.9539883939973
1.422e+09,101.482921884487,0,0,0,0.82613686634815,117.08663459165,42.8999999999965,-59.3298495735076
1422003600,134.981003054395,0,0,0,-1.26602617781411,135.2,60.6697618258034,-59.6227325935946
1422007200,133.099765904345,0,0,0,1.54037949885695,117.086634591653,74.304979644706,-59.8322278308708
1422010800,89.1088393544077,0,0,0,-1.40955425389509,67.6000000000051,82.8764358956016,-59.9580422873039
1422014400,39.8542500471346,0,0,0,14.054250047131,3.57619316812187e-12,85.8,-60
1422018000,-61.5198283909065,0,0,0,-16.8382219992059,-67.5999999999989,82.8764358956022,-59.9580422873039
1422021600,-99.1170328735766,0,0,0,3.49684990423609,-117.086634591649,74.3049796447071,-59.8322278308708
1422025200,-122.276970898126,0,0,0,11.8759998696635,-135.2,60.669761825805,-59.6227325935946
1422028800,-137.782147956353,0,0,0,-4.26566379119002,-117.086634591653,42.8999999999984,-59.3298495735077
1422032400,-107.890850786302,0,0,0,-3.54353646209639,-67.6000000000064,22.2066740697985,-58.9539883939973
1422036000,-72.4704191924153,0,0,0,-13.9747444615024,-5.03373106096782e-12,1.59724158665325e-12,-58.4956747309094
1422039600,-13.7522320741855,0,0,0,-1.19000842703489,67.5999999999843,-22.2066740697907,-57.9555495773442
1422043200,18.5723457683144,0,0,0,1.72007952382688,117.086634591656,-42.8999999999999,-57.3343683471686
1422046800,2.5992438134248,0,0,0,-15.297994542267,135.2,-60.6697618258062,-56.632999818502
1422050400,-17.73026686434,0,0,0,-4.65949689264618,117.086634591662,-74.3049796447031,-55.8524249186524
1422054000,-78.1109541217898,0,0,0,-7.84078287399742,67.6000000000076,-82.8764358956013,-54.9937353521987
1422057600,-137.159762027867,0,0,0,2.69837004628688,-8.87919150614871e-12,-85.8,-54.0581320741452
1422061200,-213.825694778502,0,0,0,-10.3023352726261,-67.5999999999964,-82.8764358956024,-53.0469236102767
1422064800,-221.087915862655,0,0,0,22.2652226007712,-117.086634591655,-74.3049796447051,-51.9615242270663
1422068400,-241.299332734136,0,0,0,5.37388104536721,-135.2,-60.6697618258057,-50.803451953697
1422072000,-209.416662151029,0,0,0,0.144298899596311,-117.086634591662,-42.9000000000035,-49.5743264589597
1422075600,-140.109358535767,0,0,0,-2.02681767997649,-67.5999999999956,-22.2066740697947,-48.275866786
1422079200,-47.6179484232935,0,0,0,-0.708059475200906,-7.94880684665973e-12,-2.52221755711318e-12,-46.9098889480821
1422082800,42.6681098647454,0,0,0,-1.66026081631689,67.5999999999951,22.2066740697946,-45.4783033887274
1422086400,130.784029108044,0,0,0,14.7805068261796,117.086634591654,42.8999999999991,-43.9831123097894
1422090000,154.538110653293,0,0,0,1.09475569868361,135.2,60.6697618258021,-42.4264068711931
1422093600,146.401718530469,0,0,0,-4.17953143963604,117.086634591655,74.3049796447051,-40.8103642662553
1422097200,107.246574288911,0,0,0,-4.09261693000139,67.5999999999969,82.8764358956024,-39.1372446766873
1422100800,59.6330830979001,0,0,0,11.2424712094149,9.40634473950569e-12,85.8,-37.4093881115242
1422104400,-17.3795176063007,0,0,0,2.97325763250063,-67.5999999999939,82.8764358956027,-35.6292111344101
1422108000,-73.2722666531972,0,0,0,3.30859177757829,-117.086634591661,74.3049796447032,-33.7992034838172
1422111600,-106.580022497646,0,0,0,-0.127859732532097,-135.2,60.6697618258063,-31.9219245909203
1422115200,-98.5033526007625,0,0,0,5.68328199089358,-117.086634591656,42.9,-29.9999999999999
1422118800,-57.7269837566241,0,0,0,15.7024598699712,-67.6000000000114,22.2066740698003,-28.0361176963842
1422122400,-32.6003317397887,0,0,0,-6.56730739272744,-1.08638826323516e-11,3.44719352757312e-12,-26.0330243470538
1422126000,13.9611976695096,0,0,0,-7.43860680151335,67.6000000000059,-22.2066740697984,-23.9935214591846
1422129600,62.3049401121289,0,0,0,10.0387669824583,117.086634591653,-42.8999999999983,-21.9204614619841
1422133200,57.4967180053337,0,0,0,2.7832235484488,135.2,-60.6697618258049,-19.8167437173102
1422136800,8.34385323189116,0,0,0,-16.7524912504069,117.086634591657,-74.3049796447046,-17.6853104646542
1422140400,-44.9218539351526,0,0,0,-14.116275333413,67.6000000000127,-82.8764358956009,-15.5291427061515
1422144000,-102.513011031502,0,0,0,-3.36175499411997,-3.04903993476489e-12,-85.8,-13.3512560373789
1422147600,-155.692249362419,0,0,0,5.93888296296213,-67.6000000000047,-82.8764358956016,-11.1546964297747
1422151200,-201.644742766107,0,0,0,-1.31059255917781,-117.086634591652,-74.3049796447061,-8.94253597057053
1422154800,-206.664614157761,0,0,0,-4.07698376575534,-135.2,-60.669761825807,-6.71786856619834
1422158400,-168.962080223883,0,0,0,-4.49164001702681,-117.086634591665,-42.9000000000051,-4.48380561518598
1422162000,-86.0271511366389,0,0,0,6.02299458973812,-67.6000000000006,-22.2066740697965,-2.24347165657986
1422165600,2.57195557995284,0,0,0,2.57195557995088,1.59150204191893e-12,5.04995840224277e-13,-1.32261854307914e-13
1422169200,79.5037324697041,0,0,0,-12.5464132566579,67.5999999999901,22.2066740697928,2.24347165657917
1422172800,179.684199852734,0,0,0,15.2137596459,117.086634591652,42.8999999999975,4.48380561518529
1422176400,202.90966013298,0,0,0,0.322029740973699,135.2,60.6697618258077,6.7178685661985
1422180000,211.408374179651,0,0,0,11.0742239727181,117.086634591658,74.3049796447041,8.94253597057027
1422183600,174.806142210204,0,0,0,13.1750098848255,67.6000000000019,82.8764358956019,11.1546964297749
1422187200,115.501457705999,0,0,0,16.3502016686204,-1.33964149072979e-13,85.8,13.351256037379
1422190800,42.3260631992267,0,0,0,11.5204845974612,-67.5999999999888,82.8764358956031,15.5291427061512
1422194400,-13.1230001979833,0,0,0,11.9733442843167,-117.086634591658,74.3049796447041,17.6853104646544
1422198000,-39.2212280823351,0,0,0,15.4922663745477,-135.2,60.6697618258076,19.8167437173095
1422201600,-44.4697523622484,0,0,0,7.79642076742567,-117.086634591659,42.9000000000016,21.9204614619834
1422205200,-27.7673225578663,0,0,0,-6.36751808684492,-67.6000000000032,22.2066740697974,23.9935214591844
1422208800,22.1469649485639,0,0,0,-3.88605939847792,-1.66940342037355e-11,5.29714546849298e-12,26.0330243470532
1422212400,70.8867171336832,0,0,0,-2.54272649290468,67.6000000000009,-22.2066740697966,28.0361176963836
1422216000,109.096853354814,0,0,0,4.91021876315667,117.086634591658,-42.9000000000009,30
1422219600,118.298711461119,0,0,0,11.8465486960022,135.2,-60.6697618258036,31.92192459092
1422223200,70.4752935835728,0,0,0,-6.1055648472007,117.08663459166,-74.3049796447037,33.7992034838173
1422226800,18.1983890137061,0,0,0,-2.15438622509236,67.5999999999911,-82.8764358956029,35.6292111344103
1422230400,-40.8617180369796,0,0,0,7.52889385149396,2.78111163661893e-12,-85.8,37.4093881115237
1422234000,-91.9964766905299,0,0,0,19.3427145283844,-67.5999999999996,-82.8764358956021,39.1372446766874
1422237600,-141.192449316914,0,0,0,9.38880065318747,-117.086634591649,-74.304979644707,40.8103642662548
1422241200,-152.273414819607,0,0,0,1.16994013500897,-135.2,-60.6697618258083,42.4264068711926
1422244800,-127.533105897585,0,0,0,-11.5295836157236,-117.086634591653,-42.8999999999982,43.9831123097895
1422248400,-62.3549579193657,0,0,0,-18.0265872382887,-67.6000000000057,-22.2066740697983,45.478303388727
1422252000,48.574687832306,0,0,0,1.66479888422986,-4.23864952946489e-12,-1.34495610069559e-12,46.9098889480817
1422255600,151.81675310555,0,0,0,13.7342122497558,67.5999999999983,22.2066740697957,48.2758667860001
1422259200,202.07196049798,0,0,0,-7.48900055262432,117.086634591649,42.8999999999959,49.5743264589596
1422262800,233.896190449517,0,0,0,-12.7770233299868,135.2,60.6697618258064,50.8034519536971
1422266400,255.055416846357,0,0,0,11.7022783829313,117.086634591654,74.3049796447056,51.9615242270664
1422270000,188.39559794921,0,0,0,-15.1277615566745,67.6000000000069,82.8764358956014,53.0469236102764
1422273600,139.287327592161,0,0,0,-0.570804481989673,5.69618742231084e-12,85.8,54.0581320741452
1422277200,74.0337995553267,0,0,0,3.76362830750846,-67.5999999999838,82.8764358956036,54.9937353521984
1422280800,11.3222173535314,0,0,0,-1.7485526181702,-117.086634591656,74.304979644705,55.8524249186522
1422284400,-17.4021391474619,0,0,0,0.495099208230627,-135.2,60.6697618258055,56.632999818502
1422288000,-26.4838577334476,0,0,0,-9.63159148895718,-117.086634591662,42.9000000000032,57.3343683471684
1422291600,24.0506297913391,0,0,0,11.4884061442041,-67.6000000000082,22.2066740697992,57.9555495773441
1422295200,52.6504154717076,0,0,0,-5.84525925920748,8.21673514480569e-12,-2.60723326710181e-12,58.4956747309094
1422298800,91.4362076860132,0,0,0,-12.9111066381851,67.5999999999958,-22.2066740697948,58.9539883939973
1422302400,126.966852968199,0,0,0,-6.54963119696431,117.086634591655,-42.8999999999993,59.3298495735077
1422306000,133.829214385268,0,0,0,-0.323756382520803,135.2,-60.6697618258057,59.6227325935946
1422309600,104.800015299754,0,0,0,2.18613252192295,117.086634591663,-74.3049796447027,59.8322278308708
1422313200,43.0952297953546,0,0,0,-1.58637659634301,67.5999999999962,-82.8764358956024,59.9580422873039
1422316800,-10.6713982299819,0,0,0,15.1286017700095,8.61126320800275e-12,-85.8,60
1422320400,-103.313230787647,0,0,0,-12.7948371793534,-67.5999999999946,-82.8764358956026,59.9580422873039
1422324000,-122.809793906498,0,0,0,8.74959249899068,-117.086634591654,-74.3049796447055,59.8322278308708
1422327600,-142.486122060028,0,0,0,-6.23909282781296,-135.2,-60.6697618258096,59.6227325935946
1422331200,-97.732739532878,0,0,0,2.92404548526986,-117.086634591656,-42.8999999999998,59.3298495735077
1422334800,-52.647529469521,0,0,0,-21.7948437937255,-67.5999999999974,-22.2066740697954,58.9539883939973
1422338400,66.9858695529943,0,0,0,8.49019482209815,-1.00688011008487e-11,-3.19490804161546e-12,58.4956747309094
1422342000,139.867938917746,0,0,0,-7.89428472938579,67.5999999999933,22.2066740697939,57.9555495773441
1422345600,215.976699195504,0,0,0,-1.34430374332793,117.086634591661,42.9000000000027,57.3343683471684
1422349200,259.242021022338,0,0,0,6.73925937803064,135.2,60.6697618258051,56.6329998185022
1422352800,246.352073229783,0,0,0,-0.891965925230217,117.086634591657,74.3049796447047,55.8524249186523
1422356400,202.793037581193,0,0,0,-2.67713366661819,67.600000000012,82.8764358956009,54.9937353521987
1422360000,139.93727342503,0,0,0,0.0791413508727815,1.15263389936947e-11,85.8,54.0581320741453
1422363600,82.412892318337,0,0,0,14.0895328124641,-67.6000000000053,82.8764358956016,53.0469236102766
1422367200,9.41411190681401,0,0,0,0.234242626694297,-117.086634591653,74.3049796447059,51.9615242270665
1422370800,-16.2419111820242,0,0,0,7.48487503847189,-135.2,60.6697618258068,50.8034519536971
1422374400,-13.3340367934507,0,0,0,11.2782713392463,-117.086634591657,42.9000000000006,49.5743264589596
1422378000,16.9307070619461,0,0,0,14.0481662061582,-67.6000000000133,22.206674069801,48.2758667860002
1422381600,55.3545270183229,0,0,0,8.44463807023957,2.38658357342187e-12,-7.57281326181939e-13,46.9098889480817
1422385200,103.918836673474,0,0,0,13.0472073545403,67.6000000000041,-22.2066740697977,45.478303388727
1422388800,129.933605081651,0,0,0,11.7638581802072,117.086634591652,-42.8999999999977,43.9831123097898
1422392400,113.149678991439,0,0,0,-3.80696605394924,135.2,-60.6697618258044,42.426406871193
1422396000,90.2524641767955,0,0,0,6.66044496357615,117.086634591666,-74.3049796447018,40.8103642662555
1422399600,22.1302427657104,0,0,0,-1.73056601537628,67.6000000000012,-82.876435895602,39.1372446766874
1422403200,-60.643808631877,0,0,0,-12.2531967434001,-9.29045680575913e-13,-85.8,37.409388111524
1422406800,-109.428589005793,0,0,0,5.41863575538925,-67.5999999999895,-82.8764358956031,35.6292111344103
1422410400,-144.851979876762,0,0,0,12.7404308757783,-117.086634591651,-74.3049796447064,33.7992034838174
1422414000,-174.819506977049,0,0,0,-10.8716697421647,-135.2,-60.669761825804,31.9219245909201
1422417600,-147.065539307978,0,0,0,-17.0789047163179,-117.086634591659,-42.9000000000014,30.0000000000005
1422421200,-69.5462223816274,0,0,0,-7.77566600821147,-67.6000000000025,-22.2066740697972,28.0361176963836
1422424800,31.9253289007929,0,0,0,5.8923045537404,-5.28492212270043e-13,-1.67694644277994e-13,26.0330243470532
1422428400,106.165388034246,0,0,0,-7.63480749471962,67.5999999999882,22.2066740697921,23.9935214591848
1422432000,186.612698864599,0,0,0,4.70560281095575,117.086634591658,42.9000000000011,21.9204614619839
1422435600,211.98447287323,0,0,0,-3.70203266988438,135.2,60.6697618258038,19.8167437173104
1422439200,214.219279484789,0,0,0,5.1423547837718,117.086634591659,74.3049796447038,17.6853104646545
1422442800,162.618135496832,0,0,0,-3.38744310492489,67.6000000000037,82.8764358956017,15.5291427061513
1422446400,113.940732759022,0,0,0,14.7894767216255,1.73564905650785e-11,85.8,13.3512560373791
1422450000,30.8522343895334,0,0,0,4.4211020641567,-67.6000000000003,82.876435895602,11.1546964297749
1422453600,-41.8711196200071,0,0,0,-8.03200064362439,-117.086634591657,74.3049796447044,8.94253597057032
1422457200,-41.0336705214959,0,0,0,26.778699086497,-135.2,60.6697618258081,6.71786856619898
1422460800,-63.2674116527799,0,0,0,6.43541732369268,-117.08663459166,42.9000000000022,4.48380561518535
1422464400,-34.6298851239882,0,0,0,8.51996914963087,-67.5999999999917,22.2066740697933,2.24347165657923
1422468000,-5.48259065212954,0,0,0,-5.48259065212754,-3.44356799796195e-12,1.09267061473793e-12,3.52772555830828e-13
1422471600,43.5375242099766,0,0,0,0.387669936352845,67.599999999999,-22.2066740697959,-2.24347165657938
1422475200,55.7751738048531,0,0,0,-13.9276551716147,117.086634591649,-42.8999999999961,-4.48380561518507
1422478800,65.7339122136502,0,0,0,-2.0784573943484,135.2,-60.6697618258031,-6.71786856619828
1422482400,31.7904371534102,0,0,0,-2.04868182296677,117.086634591653,-74.3049796447058,-8.94253597057047
1422486000,-41.0117225032752,0,0,0,-14.5805901779053,67.6000000000063,-82.8764358956015,-11.1546964297746
1422489600,-104.31703275642,0,0,0,-5.16577671904633,4.90110589080791e-12,-85.8,-13.3512560373788
1422493200,-177.540147433122,0,0,0,-11.5345688313708,-67.5999999999978,-82.8764358956023,-15.5291427061514
1422496800,-196.233518841378,0,0,0,12.8434058596313,-117.086634591648,-74.3049796447073,-17.6853104646538
1422500400,-208.142911336489,0,0,0,7.54359420662632,-135.2,-60.6697618258053,-19.8167437173097
1422504000,-177.48235689844,0,0,0,4.42473915519703,-117.086634591654,-42.8999999999988,-21.920461461984
1422507600,-109.970999837863,0,0,0,3.82919569112796,-67.6000000000075,-22.2066740697989,-23.9935214591841
1422511200,-43.077855563389,0,0,0,-17.0448312163273,-6.35864378365387e-12,-2.01764658519786e-12,-26.0330243470534
1422514800,52.4673037827559,0,0,0,-9.30325259063426,67.5999999999832,22.2066740697903,-28.0361176963834
1422518400,129.241523624507,0,0,0,-0.745110967148138,117.086634591655,42.8999999999995,-29.9999999999998
1422522000,151.983088333742,0,0,0,-11.9647489011439,135.2,60.6697618258059,-31.9219245909202
1422525600,157.035199490051,0,0,0,-0.557211262497557,117.086634591662,74.3049796447029,-33.7992034838171
1422529200,108.421095742818,0,0,0,-6.42612901838156,67.6000000000088,82.8764358956012,-35.6292111344101
1422532800,44.3805045700942,0,0,0,-4.01010731837411,-7.55427878346267e-12,85.8,-37.4093881115242
1422536400,-26.7585743891512,0,0,0,-2.89776560807161,-67.5999999999952,82.8764358956025,-39.1372446766869
1422540000,-93.207737527821,0,0,0,-9.61571831461681,-117.086634591655,74.3049796447053,-40.810364266255
1422543600,-123.56766210986,0,0,0,-6.61101706447323,-135.2,60.669761825806,-42.4264068711931
1422547200,-103.135489697945,0,0,0,15.0342572035032,-117.086634591663,42.9000000000038,-43.9831123097894
1422550800,-115.345880871557,0,0,0,-24.4742515526281,-67.5999999999967,22.2066740697951,-45.4783033887271
1422554400,-26.7429453801216,0,0,0,20.1669435679663,-9.27371956934578e-12,2.94262255565779e-12,-46.9098889480816
1422558000,4.82196586765901,0,0,0,7.70450672345919,67.599999999994,-22.2066740697942,-48.275866786
1422561600,7.62639105244687,0,0,0,-16.9859170802485,117.086634591654,-42.8999999999987,-49.5743264589597
1422565200,13.3239795029982,0,0,0,-10.4028067175031,135.2,-60.6697618258018,-50.8034519536969
1422568800,-6.45009201582451,0,0,0,2.72977726429056,117.086634591656,-74.3049796447049,-51.9615242270663
1422572400,-56.474938609038,0,0,0,11.8484208968429,67.599999999998,-82.8764358956023,-53.0469236102767
1422576000,-151.354126277081,0,0,0,-11.4959942029465,1.07312574621917e-11,-85.8,-54.058132074145
1422579600,-210.394397564502,0,0,0,-4.92422631670797,-67.5999999999927,-82.8764358956028,-54.9937353521985
1422583200,-241.579696168454,0,0,0,5.66434298656231,-117.086634591661,-74.3049796447034,-55.8524249186522
1422586800,-248.23201139659,0,0,0,4.27075024771886,-135.2,-60.6697618258066,-56.632999818502
1422590400,-218.749363359919,0,0,0,-1.42836042109375,-117.086634591657,-42.9000000000004,-57.3343683471684
1422594000,-148.527157984221,0,0,0,-0.764934337063178,-67.6000000000126,-22.2066740698007,-57.955549577344
1422597600,-49.5195365860406,0,0,0,8.97613814488488,-1.21887953550377e-11,-3.86759852611773e-12,-58.4956747309094
1422601200,42.4395277970651,0,0,0,11.5868421212597,67.6000000000048,22.206674069798,-58.9539883939973
1422604800,103.988070487382,0,0,0,3.33128546923944,117.086634591652,42.8999999999979,-59.3298495735076
1422608400,145.603510600935,0,0,0,9.35648136872454,135.2,60.6697618258046,-59.6227325935946
1422612000,120.680608692577,0,0,0,-10.8787777129144,117.086634591658,74.3049796447044,-59.8322278308708
1422615600,80.0022452152795,0,0,0,-10.5161483930312,67.6000000000138,82.8764358956008,-59.9580422873039
1422619200,7.49528602418019,0,0,0,-18.3047139758181,-1.72412721207885e-12,85.8,-60
1422622800,-42.910050932953,0,0,0,1.77155545875264,-67.6000000000035,82.8764358956017,-59.9580422873039
1422626400,-94.4559273786545,0,0,0,8.15795539916165,-117.086634591652,74.3049796447063,-59.8322278308708
1422630000,-163.923584102238,0,0,0,-29.770613334451,-135.2,60.6697618258073,-59.6227325935946
1422633600,-118.011843210937,0,0,0,15.5046409542311,-117.086634591666,42.9000000000054,-59.3298495735078
1422637200,-106.821378295462,0,0,0,-2.47406397125948,-67.6000000000018,22.2066740697969,-58.9539883939973
1422640800,-58.8477081401853,0,0,0,-0.352033409276036,2.6658931923289e-13,-8.45908416796671e-14,-58.4956747309094
1422644400,-11.5426089964805,0,0,0,1.01961465066718,67.5999999999889,-22.2066740697924,-57.9555495773443
1422648000,36.3832192113651,0,0,0,19.5309529668797,117.086634591651,-42.8999999999971,-57.3343683471684
1422651600,8.94837606535648,0,0,0,-8.94886229033416,135.2,-60.6697618258074,-56.632999818502
1422655200,0.322702612635981,0,0,0,13.3934725843333,117.086634591659,-74.3049796447039,-55.8524249186524
1422658800,-66.7592600850142,0,0,0,3.51091116278324,67.600000000003,-82.8764358956018,-54.9937353521987
1422662400,-144.924830862762,0,0,0,-5.06669878861778,1.19094857361307e-12,-85.8,-54.0581320741452
1422666000,-189.972384655376,0,0,0,13.5509748504913,-67.5999999999877,-82.8764358956032,-53.0469236102767
1422669600,-250.593796922393,0,0,0,-7.24065845896422,-117.086634591658,-74.3049796447043,-51.9615242270664
1422673200,-245.980077122383,0,0,0,0.693136657122455,-135.2,-60.6697618258079,-50.8034519536972
1422676800,-205.747515678331,0,0,0,3.81344537229038,-117.08663459166,-42.900000000002,-49.5743264589598
1422680400,-120.949367981876,0,0,0,17.1331728739264,-67.6000000000043,-22.2066740697978,-48.2758667860001
1422684000,-48.898717804449,0,0,0,-1.9888288563431,-1.80189469264215e-11,-5.71755046703759e-12,-46.9098889480821
1422687600,52.0334999445188,0,0,0,7.70512926345029,67.5999999999997,22.2066740697962,-45.4783033887274
1422691200,83.3437361928668,0,0,0,-32.6597860890014,117.086634591657,42.9000000000006,-43.9831123097894
1422694800,172.491254178665,0,0,0,19.0478992240551,135.2,60.6697618258033,-42.4264068711931
1422698400,153.321567877622,0,0,0,2.7403179075131,117.08663459166,74.3049796447035,-40.8103642662553
1422702000,116.146517801821,0,0,0,4.80732658291349,67.5999999999923,82.8764358956028,-39.1372446766873
1422705600,49.8072998008907,0,0,0,1.41668791241077,4.10602435930498e-12,85.8,-37.4093881115242
1422709200,-27.2387668432435,0,0,0,-6.88599160443714,-67.5999999999985,82.8764358956022,-35.6292111344101
1422712800,-70.1958825996534,0,0,0,6.38497583111537,-117.086634591656,74.3049796447048,-33.7992034838172
1422716400,-99.9389911431772,0,0,0,6.51317162193453,-135.2,60.6697618258086,-31.9219245909203
1422720000,-105.92475270703,0,0,0,-1.73811811537549,-117.086634591654,42.8999999999986,-29.9999999999999
1422723600,-92.5640412125635,0,0,0,-19.1345975859711,-67.6000000000068,22.2066740697987,-28.0361176963842
1422727200,-32.1885737376476,0,0,0,-6.15554939058998,-5.56356225215093e-12,1.7653610992402e-12,-26.0330243470538
1422730800,23.4949649886468,0,0,0,2.09516051762908,67.5999999999972,-22.2066740697953,-23.9935214591842
1422734400,58.0736355362441,0,0,0,5.8074624065757,117.086634591648,-42.8999999999955,-21.9204614619841
1422738000,64.8049773969306,0,0,0,10.0914829400469,135.2,-60.6697618258061,-19.8167437173102
1422741600,45.8435608677697,0,0,0,20.7472163854751,117.086634591654,-74.3049796447054,-17.6853104646543
1422745200,-47.4720870687956,0,0,0,-16.666508467051,67.6000000000081,-82.8764358956013,-15.5291427061515
1422748800,-93.6981099824337,0,0,0,5.45314605493819,7.02110014499689e-12,-85.8,-13.3512560373789
1422752400,-143.374166237551,0,0,0,18.2569660878338,-67.6000000000092,-82.8764358956012,-11.1546964297747
1422756000,-213.830740805692,0,0,0,-13.4965905987616,-117.086634591655,-74.3049796447052,-8.94253597057054
1422759600,-191.906214753293,0,0,0,10.6814156387112,-135.2,-60.6697618258058,-6.71786856619835
1422763200,-158.322474967917,0,0,0,6.14796523893509,-117.086634591663,-42.9000000000036,-4.48380561518599
1422766800,-89.2961800173287,0,0,0,2.75396570906015,-67.6000000000094,-22.2066740697996,-2.24347165657988
